603.30
572.90
543.80
515.90
489.20
463.60
439.20
415.90
393.60
372.30
352.00
332.70
314.30
296.80
280.20
264.40
249.40
235.20
221.80
209.10
197.10
185.80
175.10
165.10
155.60
146.80
138.40
130.70
123.40
116.60
110.30
104.40
 98.90
 93.80
 89.10
 84.70
 80.70
 77.00
 73.70
 70.50
 67.70
 65.10
 62.80
 60.60
 58.70
 56.90
 55.30
 53.90
 52.60
 51.40
 50.40
 49.40
 48.60
 47.80
 47.10
 46.40
 45.90
 45.30
 44.80
 44.30
 43.80
 43.30
 42.80
 42.30
 41.80
 41.20
 40.70
 40.10
 39.50
 38.80
 38.10
 37.30
 36.50
 35.70
 34.70
 33.80
 32.80
 31.70
 30.50
 29.40
 28.10
 26.80
 25.50
 24.10
 22.60
 21.20
 19.70
 18.10
 16.50
 14.90
 13.30
 11.70
 10.00
  8.40
  6.80
  5.20
  3.60
  2.10
  0.60
  0.10
