12
Talvacchia
Livello volume
455	0
455.01	0
455.02	1000
455.03	1000
455.04	2000
455.05	2000
455.06	3000
455.07	3000
455.08	4000
455.09	4000
455.1	5000
455.11	5000
455.12	6000
455.13	6000
455.14	7000
455.15	7000
455.16	8000
455.17	8000
455.18	9000
455.19	9000
455.2	10000
455.21	10000
455.22	11000
455.23	11000
455.24	12000
455.25	12000
455.26	13000
455.27	13000
455.28	14000
455.29	14000
455.3	15000
455.31	15000
455.32	16000
455.33	16000
455.34	17000
455.35	17000
455.36	18000
455.37	18000
455.38	19000
455.39	19000
455.4	20000
455.41	20000
455.42	21000
455.43	21000
455.44	22000
455.45	22000
455.46	23000
455.47	23000
455.48	24000
455.49	24000
455.5	25000
455.51	25000
455.52	26000
455.53	26000
455.54	27000
455.55	27000
455.56	28000
455.57	28000
455.58	29000
455.59	29000
455.6	30000
455.61	30000
455.62	31000
455.63	31000
455.64	32000
455.65	32000
455.66	33000
455.67	33000
455.68	34000
455.69	34000
455.7	35000
455.71	35000
455.72	36000
455.73	36000
455.74	37000
455.75	37000
455.76	38000
455.77	38000
455.78	39000
455.79	39000
455.8	40000
455.81	40000
455.82	41000
455.83	41000
455.84	42000
455.85	42000
455.86	43000
455.87	43000
455.88	44000
455.89	44000
455.9	45000
455.91	45000
455.92	46000
455.93	46000
455.94	47000
455.95	47000
455.96	48000
455.97	48000
455.98	49000
455.99	49000
456	50000
456.01	50000
456.02	51000
456.03	51000
456.04	52000
456.05	52000
456.06	53000
456.07	53000
456.08	54000
456.09	54000
456.1	55000
456.11	55000
456.12	56000
456.13	56000
456.14	57000
456.15	57000
456.16	58000
456.17	58000
456.18	59000
456.19	59000
456.2	60000
456.21	60000
456.22	61000
456.23	61000
456.24	62000
456.25	62000
456.26	63000
456.27	63000
456.28	64000
456.29	64000
456.3	65000
456.31	65000
456.32	66000
456.33	66000
456.34	67000
456.35	67000
456.36	68000
456.37	68000
456.38	69000
456.39	69000
456.4	70000
456.41	70000
456.42	71000
456.43	71000
456.44	72000
456.45	72000
456.46	73000
456.47	73000
456.48	74000
456.49	74000
456.5	75000
456.51	75000
456.52	76000
456.53	76000
456.54	77000
456.55	77000
456.56	78000
456.57	78000
456.58	79000
456.59	79000
456.6	80000
456.61	80000
456.62	81000
456.63	81000
456.64	82000
456.65	82000
456.66	83000
456.67	83000
456.68	84000
456.69	84000
456.7	85000
456.71	85000
456.72	86000
456.73	86000
456.74	87000
456.75	87000
456.76	88000
456.77	88000
456.78	89000
456.79	89000
456.8	90000
456.81	90000
456.82	91000
456.83	91000
456.84	92000
456.85	92000
456.86	93000
456.87	93000
456.88	94000
456.89	94000
456.9	95000
456.91	95000
456.92	96000
456.93	96000
456.94	97000
456.95	97000
456.96	98000
456.97	98000
456.98	99000
456.99	99000
457	100000
457.01	100000
457.02	101000
457.03	101000
457.04	102000
457.05	102000
457.06	103000
457.07	103000
457.08	104000
457.09	104000
457.1	105000
457.11	105000
457.12	106000
457.13	106000
457.14	107000
457.15	107000
457.16	108000
457.17	108000
457.18	109000
457.19	109000
457.2	110000
457.21	110000
457.22	111000
457.23	111000
457.24	112000
457.25	112000
457.26	113000
457.27	113000
457.28	114000
457.29	114000
457.3	115000
457.31	115000
457.32	116000
457.33	116000
457.34	117000
457.35	117000
457.36	118000
457.37	118000
457.38	119000
457.39	119000
457.4	120000
457.41	120000
457.42	121000
457.43	121000
457.44	122000
457.45	122000
457.46	123000
457.47	123000
457.48	124000
457.49	124000
457.5	125000
457.51	125000
457.52	126000
457.53	126000
457.54	127000
457.55	127000
457.56	128000
457.57	128000
457.58	129000
457.59	129000
457.6	130000
457.61	130000
457.62	131000
457.63	131000
457.64	132000
457.65	132000
457.66	133000
457.67	133000
457.68	134000
457.69	134000
457.7	135000
457.71	135000
457.72	136000
457.73	136000
457.74	137000
457.75	137000
457.76	138000
457.77	138000
457.78	139000
457.79	139000
457.8	140000
457.81	140000
457.82	141000
457.83	141000
457.84	142000
457.85	142000
457.86	143000
457.87	143000
457.88	144000
457.89	144000
457.9	145000
457.91	145000
457.92	146000
457.93	146000
457.94	147000
457.95	147000
457.96	148000
457.97	148000
457.98	149000
457.99	149000
458	150000
458.01	150000
458.02	151000
458.03	152000
458.04	153000
458.05	154000
458.06	155000
458.07	156000
458.08	157000
458.09	158000
458.1	159000
458.11	159000
458.12	160000
458.13	161000
458.14	162000
458.15	163000
458.16	164000
458.17	165000
458.18	166000
458.19	167000
458.2	168000
458.21	168000
458.22	169000
458.23	170000
458.24	171000
458.25	172000
458.26	173000
458.27	174000
458.28	175000
458.29	176000
458.3	177000
458.31	177000
458.32	178000
458.33	179000
458.34	180000
458.35	181000
458.36	182000
458.37	183000
458.38	184000
458.39	185000
458.4	186000
458.41	186000
458.42	187000
458.43	188000
458.44	189000
458.45	190000
458.46	191000
458.47	192000
458.48	193000
458.49	194000
458.5	195000
458.51	195000
458.52	196000
458.53	197000
458.54	198000
458.55	199000
458.56	200000
458.57	201000
458.58	202000
458.59	203000
458.6	204000
458.61	204000
458.62	205000
458.63	206000
458.64	207000
458.65	208000
458.66	209000
458.67	210000
458.68	211000
458.69	212000
458.7	213000
458.71	213000
458.72	214000
458.73	215000
458.74	216000
458.75	217000
458.76	218000
458.77	219000
458.78	220000
458.79	221000
458.8	222000
458.81	222000
458.82	223000
458.83	224000
458.84	225000
458.85	226000
458.86	227000
458.87	228000
458.88	229000
458.89	230000
458.9	231000
458.91	231000
458.92	232000
458.93	233000
458.94	234000
458.95	235000
458.96	236000
458.97	237000
458.98	238000
458.99	239000
459	240000
459.01	240000
459.02	241000
459.03	242000
459.04	243000
459.05	244000
459.06	245000
459.07	246000
459.08	247000
459.09	248000
459.1	249000
459.11	249000
459.12	250000
459.13	251000
459.14	252000
459.15	253000
459.16	254000
459.17	255000
459.18	256000
459.19	257000
459.2	258000
459.21	258000
459.22	259000
459.23	260000
459.24	261000
459.25	262000
459.26	263000
459.27	264000
459.28	265000
459.29	266000
459.3	267000
459.31	267000
459.32	268000
459.33	269000
459.34	270000
459.35	271000
459.36	272000
459.37	273000
459.38	274000
459.39	275000
459.4	276000
459.41	276000
459.42	277000
459.43	278000
459.44	279000
459.45	280000
459.46	281000
459.47	282000
459.48	283000
459.49	284000
459.5	285000
459.51	285000
459.52	286000
459.53	287000
459.54	288000
459.55	289000
459.56	290000
459.57	291000
459.58	292000
459.59	293000
459.6	294000
459.61	294000
459.62	295000
459.63	296000
459.64	297000
459.65	298000
459.66	299000
459.67	300000
459.68	301000
459.69	302000
459.7	303000
459.71	303000
459.72	304000
459.73	305000
459.74	306000
459.75	307000
459.76	308000
459.77	309000
459.78	310000
459.79	311000
459.8	312000
459.81	312000
459.82	313000
459.83	314000
459.84	315000
459.85	316000
459.86	317000
459.87	318000
459.88	319000
459.89	320000
459.9	321000
459.91	321000
459.92	322000
459.93	323000
459.94	324000
459.95	325000
459.96	326000
459.97	327000
459.98	328000
459.99	329000
460	330000
460.01	330000
460.02	331000
460.03	332000
460.04	333000
460.05	334000
460.06	335000
460.07	336000
460.08	337000
460.09	338000
460.1	339000
460.11	339000
460.12	340000
460.13	341000
460.14	342000
460.15	343000
460.16	344000
460.17	345000
460.18	346000
460.19	347000
460.2	348000
460.21	348000
460.22	349000
460.23	350000
460.24	351000
460.25	352000
460.26	353000
460.27	354000
460.28	355000
460.29	356000
460.3	357000
460.31	357000
460.32	358000
460.33	359000
460.34	360000
460.35	361000
460.36	362000
460.37	363000
460.38	364000
460.39	365000
460.4	366000
460.41	366000
460.42	367000
460.43	368000
460.44	369000
460.45	370000
460.46	371000
460.47	372000
460.48	373000
460.49	374000
460.5	375000
460.51	375000
460.52	376000
460.53	377000
460.54	378000
460.55	379000
460.56	380000
460.57	381000
460.58	382000
460.59	383000
460.6	384000
460.61	384000
460.62	385000
460.63	386000
460.64	387000
460.65	388000
460.66	389000
460.67	390000
460.68	391000
460.69	392000
460.7	393000
460.71	393000
460.72	394000
460.73	395000
460.74	396000
460.75	397000
460.76	398000
460.77	399000
460.78	400000
460.79	401000
460.8	402000
460.81	402000
460.82	403000
460.83	404000
460.84	405000
460.85	406000
460.86	407000
460.87	408000
460.88	409000
460.89	410000
460.9	411000
460.91	411000
460.92	412000
460.93	413000
460.94	414000
460.95	415000
460.96	416000
460.97	417000
460.98	418000
460.99	419000
461	420000
461.01	421000
461.02	422000
461.03	423000
461.04	424000
461.05	425000
461.06	426000
461.07	427000
461.08	428000
461.09	429000
461.1	430000
461.11	431000
461.12	432000
461.13	433000
461.14	434000
461.15	435000
461.16	436000
461.17	437000
461.18	438000
461.19	439000
461.2	440000
461.21	441000
461.22	442000
461.23	443000
461.24	444000
461.25	445000
461.26	446000
461.27	447000
461.28	448000
461.29	449000
461.3	450000
461.31	451000
461.32	452000
461.33	453000
461.34	454000
461.35	455000
461.36	456000
461.37	457000
461.38	458000
461.39	459000
461.4	460000
461.41	461000
461.42	462000
461.43	463000
461.44	464000
461.45	465000
461.46	466000
461.47	467000
461.48	468000
461.49	469000
461.5	470000
461.51	471000
461.52	472000
461.53	473000
461.54	474000
461.55	475000
461.56	476000
461.57	477000
461.58	478000
461.59	479000
461.6	480000
461.61	481000
461.62	482000
461.63	483000
461.64	484000
461.65	485000
461.66	486000
461.67	487000
461.68	488000
461.69	489000
461.7	490000
461.71	491000
461.72	492000
461.73	493000
461.74	494000
461.75	495000
461.76	496000
461.77	497000
461.78	498000
461.79	499000
461.8	500000
461.81	501000
461.82	502000
461.83	503000
461.84	504000
461.85	505000
461.86	506000
461.87	507000
461.88	508000
461.89	509000
461.9	510000
461.91	511000
461.92	512000
461.93	513000
461.94	514000
461.95	515000
461.96	516000
461.97	517000
461.98	518000
461.99	519000
462	520000
462.01	521000
462.02	522000
462.03	523000
462.04	524000
462.05	525000
462.06	526000
462.07	527000
462.08	528000
462.09	529000
462.1	530000
462.11	531000
462.12	532000
462.13	533000
462.14	534000
462.15	535000
462.16	536000
462.17	537000
462.18	538000
462.19	539000
462.2	540000
462.21	541000
462.22	542000
462.23	543000
462.24	544000
462.25	545000
462.26	546000
462.27	547000
462.28	548000
462.29	549000
462.3	550000
462.31	551000
462.32	552000
462.33	553000
462.34	554000
462.35	555000
462.36	556000
462.37	557000
462.38	558000
462.39	559000
462.4	560000
462.41	561000
462.42	562000
462.43	563000
462.44	564000
462.45	565000
462.46	566000
462.47	567000
462.48	568000
462.49	569000
462.5	570000
462.51	571000
462.52	572000
462.53	573000
462.54	574000
462.55	575000
462.56	576000
462.57	577000
462.58	578000
462.59	579000
462.6	580000
462.61	581000
462.62	582000
462.63	583000
462.64	584000
462.65	585000
462.66	586000
462.67	587000
462.68	588000
462.69	589000
462.7	590000
462.71	591000
462.72	592000
462.73	593000
462.74	594000
462.75	595000
462.76	596000
462.77	597000
462.78	598000
462.79	599000
462.8	600000
462.81	601000
462.82	602000
462.83	603000
462.84	604000
462.85	605000
462.86	606000
462.87	607000
462.88	608000
462.89	609000
462.9	610000
462.91	611000
462.92	612000
462.93	613000
462.94	614000
462.95	615000
462.96	616000
462.97	617000
462.98	618000
462.99	619000
463	620000
463.01	621000
463.02	622000
463.03	623000
463.04	624000
463.05	625000
463.06	626000
463.07	627000
463.08	628000
463.09	629000
463.1	630000
463.11	631000
463.12	632000
463.13	633000
463.14	634000
463.15	635000
463.16	636000
463.17	637000
463.18	638000
463.19	639000
463.2	640000
463.21	641000
463.22	642000
463.23	643000
463.24	644000
463.25	645000
463.26	646000
463.27	647000
463.28	648000
463.29	649000
463.3	650000
463.31	651000
463.32	652000
463.33	653000
463.34	654000
463.35	655000
463.36	656000
463.37	657000
463.38	658000
463.39	659000
463.4	660000
463.41	661000
463.42	662000
463.43	663000
463.44	664000
463.45	665000
463.46	666000
463.47	667000
463.48	668000
463.49	669000
463.5	670000
463.51	671000
463.52	672000
463.53	673000
463.54	674000
463.55	675000
463.56	676000
463.57	677000
463.58	678000
463.59	679000
463.6	680000
463.61	681000
463.62	682000
463.63	683000
463.64	684000
463.65	685000
463.66	686000
463.67	687000
463.68	688000
463.69	689000
463.7	690000
463.71	691000
463.72	692000
463.73	693000
463.74	694000
463.75	695000
463.76	696000
463.77	697000
463.78	698000
463.79	699000
463.8	700000
463.81	701000
463.82	702000
463.83	703000
463.84	704000
463.85	705000
463.86	706000
463.87	707000
463.88	708000
463.89	709000
463.9	710000
463.91	711000
463.92	712000
463.93	713000
463.94	714000
463.95	715000
463.96	716000
463.97	717000
463.98	718000
463.99	719000
464	720000
464.01	721000
464.02	722000
464.03	723000
464.04	725000
464.05	726000
464.06	727000
464.07	729000
464.08	730000
464.09	731000
464.1	732000
464.11	734000
464.12	735000
464.13	736000
464.14	738000
464.15	739000
464.16	740000
464.17	742000
464.18	743000
464.19	744000
464.2	745000
464.21	747000
464.22	748000
464.23	749000
464.24	751000
464.25	752000
464.26	753000
464.27	755000
464.28	756000
464.29	757000
464.3	758000
464.31	760000
464.32	761000
464.33	762000
464.34	764000
464.35	765000
464.36	766000
464.37	768000
464.38	769000
464.39	770000
464.4	771000
464.41	773000
464.42	774000
464.43	775000
464.44	777000
464.45	778000
464.46	779000
464.47	781000
464.48	782000
464.49	783000
464.5	784000
464.51	786000
464.52	787000
464.53	788000
464.54	790000
464.55	791000
464.56	792000
464.57	794000
464.58	795000
464.59	796000
464.6	797000
464.61	799000
464.62	800000
464.63	801000
464.64	803000
464.65	804000
464.66	805000
464.67	807000
464.68	808000
464.69	809000
464.7	810000
464.71	812000
464.72	813000
464.73	814000
464.74	816000
464.75	817000
464.76	818000
464.77	820000
464.78	821000
464.79	822000
464.8	823000
464.81	825000
464.82	826000
464.83	827000
464.84	829000
464.85	830000
464.86	831000
464.87	833000
464.88	834000
464.89	835000
464.9	836000
464.91	838000
464.92	839000
464.93	840000
464.94	842000
464.95	843000
464.96	844000
464.97	846000
464.98	847000
464.99	848000
465	850000
465.01	851000
465.02	853000
465.03	854000
465.04	856000
465.05	857000
465.06	859000
465.07	860000
465.08	862000
465.09	863000
465.1	865000
465.11	866000
465.12	868000
465.13	869000
465.14	871000
465.15	872000
465.16	874000
465.17	875000
465.18	877000
465.19	878000
465.2	880000
465.21	881000
465.22	883000
465.23	884000
465.24	886000
465.25	887000
465.26	889000
465.27	890000
465.28	892000
465.29	893000
465.3	895000
465.31	896000
465.32	898000
465.33	899000
465.34	901000
465.35	902000
465.36	904000
465.37	905000
465.38	907000
465.39	908000
465.4	910000
465.41	911000
465.42	913000
465.43	914000
465.44	916000
465.45	917000
465.46	919000
465.47	920000
465.48	922000
465.49	923000
465.5	925000
465.51	926000
465.52	928000
465.53	929000
465.54	931000
465.55	932000
465.56	934000
465.57	935000
465.58	937000
465.59	938000
465.6	940000
465.61	941000
465.62	943000
465.63	944000
465.64	946000
465.65	947000
465.66	949000
465.67	950000
465.68	952000
465.69	953000
465.7	955000
465.71	956000
465.72	958000
465.73	959000
465.74	961000
465.75	962000
465.76	964000
465.77	965000
465.78	967000
465.79	968000
465.8	970000
465.81	971000
465.82	973000
465.83	974000
465.84	976000
465.85	977000
465.86	979000
465.87	980000
465.88	982000
465.89	983000
465.9	985000
465.91	986000
465.92	988000
465.93	989000
465.94	991000
465.95	992000
465.96	994000
465.97	995000
465.98	997000
465.99	998000
466	1000000
466.01	1001000
466.02	1003000
466.03	1004000
466.04	1006000
466.05	1007000
466.06	1009000
466.07	1010000
466.08	1012000
466.09	1013000
466.1	1015000
466.11	1016000
466.12	1018000
466.13	1019000
466.14	1021000
466.15	1022000
466.16	1024000
466.17	1025000
466.18	1027000
466.19	1028000
466.2	1030000
466.21	1031000
466.22	1033000
466.23	1034000
466.24	1036000
466.25	1037000
466.26	1039000
466.27	1040000
466.28	1042000
466.29	1043000
466.3	1045000
466.31	1046000
466.32	1048000
466.33	1049000
466.34	1051000
466.35	1052000
466.36	1054000
466.37	1055000
466.38	1057000
466.39	1058000
466.4	1060000
466.41	1061000
466.42	1063000
466.43	1064000
466.44	1066000
466.45	1067000
466.46	1069000
466.47	1070000
466.48	1072000
466.49	1073000
466.5	1075000
466.51	1076000
466.52	1078000
466.53	1079000
466.54	1081000
466.55	1082000
466.56	1084000
466.57	1085000
466.58	1087000
466.59	1088000
466.6	1090000
466.61	1091000
466.62	1093000
466.63	1094000
466.64	1096000
466.65	1097000
466.66	1099000
466.67	1100000
466.68	1102000
466.69	1103000
466.7	1105000
466.71	1106000
466.72	1108000
466.73	1109000
466.74	1111000
466.75	1112000
466.76	1114000
466.77	1115000
466.78	1117000
466.79	1118000
466.8	1120000
466.81	1121000
466.82	1123000
466.83	1124000
466.84	1126000
466.85	1127000
466.86	1129000
466.87	1130000
466.88	1132000
466.89	1133000
466.9	1135000
466.91	1136000
466.92	1138000
466.93	1139000
466.94	1141000
466.95	1142000
466.96	1144000
466.97	1145000
466.98	1147000
466.99	1148000
467	1150000
467.01	1151000
467.02	1153000
467.03	1154000
467.04	1156000
467.05	1157000
467.06	1159000
467.07	1160000
467.08	1162000
467.09	1163000
467.1	1165000
467.11	1166000
467.12	1168000
467.13	1169000
467.14	1171000
467.15	1172000
467.16	1174000
467.17	1175000
467.18	1177000
467.19	1178000
467.2	1180000
467.21	1181000
467.22	1183000
467.23	1184000
467.24	1186000
467.25	1187000
467.26	1189000
467.27	1190000
467.28	1192000
467.29	1193000
467.3	1195000
467.31	1196000
467.32	1198000
467.33	1199000
467.34	1201000
467.35	1202000
467.36	1204000
467.37	1205000
467.38	1207000
467.39	1208000
467.4	1210000
467.41	1211000
467.42	1213000
467.43	1214000
467.44	1216000
467.45	1217000
467.46	1219000
467.47	1220000
467.48	1222000
467.49	1223000
467.5	1225000
467.51	1226000
467.52	1228000
467.53	1229000
467.54	1231000
467.55	1232000
467.56	1234000
467.57	1235000
467.58	1237000
467.59	1238000
467.6	1240000
467.61	1241000
467.62	1243000
467.63	1244000
467.64	1246000
467.65	1247000
467.66	1249000
467.67	1250000
467.68	1252000
467.69	1253000
467.7	1255000
467.71	1256000
467.72	1258000
467.73	1259000
467.74	1261000
467.75	1262000
467.76	1264000
467.77	1265000
467.78	1267000
467.79	1268000
467.8	1270000
467.81	1271000
467.82	1273000
467.83	1274000
467.84	1276000
467.85	1277000
467.86	1279000
467.87	1280000
467.88	1282000
467.89	1283000
467.9	1285000
467.91	1286000
467.92	1288000
467.93	1289000
467.94	1291000
467.95	1292000
467.96	1294000
467.97	1295000
467.98	1297000
467.99	1298000
468	1300000
468.01	1301000
468.02	1303000
468.03	1304000
468.04	1306000
468.05	1307000
468.06	1309000
468.07	1310000
468.08	1312000
468.09	1313000
468.1	1315000
468.11	1316000
468.12	1318000
468.13	1319000
468.14	1321000
468.15	1322000
468.16	1324000
468.17	1325000
468.18	1327000
468.19	1328000
468.2	1330000
468.21	1331000
468.22	1333000
468.23	1334000
468.24	1336000
468.25	1337000
468.26	1339000
468.27	1340000
468.28	1342000
468.29	1343000
468.3	1345000
468.31	1346000
468.32	1348000
468.33	1349000
468.34	1351000
468.35	1352000
468.36	1354000
468.37	1355000
468.38	1357000
468.39	1358000
468.4	1360000
468.41	1361000
468.42	1363000
468.43	1364000
468.44	1366000
468.45	1367000
468.46	1369000
468.47	1370000
468.48	1372000
468.49	1373000
468.5	1375000
468.51	1376000
468.52	1378000
468.53	1379000
468.54	1381000
468.55	1382000
468.56	1384000
468.57	1385000
468.58	1387000
468.59	1388000
468.6	1390000
468.61	1391000
468.62	1393000
468.63	1394000
468.64	1396000
468.65	1397000
468.66	1399000
468.67	1400000
468.68	1402000
468.69	1403000
468.7	1405000
468.71	1406000
468.72	1408000
468.73	1409000
468.74	1411000
468.75	1412000
468.76	1414000
468.77	1415000
468.78	1417000
468.79	1418000
468.8	1420000
468.81	1421000
468.82	1423000
468.83	1424000
468.84	1426000
468.85	1427000
468.86	1429000
468.87	1430000
468.88	1432000
468.89	1433000
468.9	1435000
468.91	1436000
468.92	1438000
468.93	1439000
468.94	1441000
468.95	1442000
468.96	1444000
468.97	1445000
468.98	1447000
468.99	1448000
469	1450000
469.01	1451000
469.02	1453000
469.03	1454000
469.04	1456000
469.05	1457000
469.06	1459000
469.07	1460000
469.08	1462000
469.09	1463000
469.1	1465000
469.11	1466000
469.12	1468000
469.13	1469000
469.14	1471000
469.15	1472000
469.16	1474000
469.17	1475000
469.18	1477000
469.19	1478000
469.2	1480000
469.21	1481000
469.22	1483000
469.23	1484000
469.24	1486000
469.25	1487000
469.26	1489000
469.27	1490000
469.28	1492000
469.29	1493000
469.3	1495000
469.31	1496000
469.32	1498000
469.33	1499000
469.34	1501000
469.35	1502000
469.36	1504000
469.37	1505000
469.38	1507000
469.39	1508000
469.4	1510000
469.41	1511000
469.42	1513000
469.43	1514000
469.44	1516000
469.45	1517000
469.46	1519000
469.47	1520000
469.48	1522000
469.49	1523000
469.5	1525000
469.51	1526000
469.52	1528000
469.53	1529000
469.54	1531000
469.55	1532000
469.56	1534000
469.57	1535000
469.58	1537000
469.59	1538000
469.6	1540000
469.61	1541000
469.62	1543000
469.63	1544000
469.64	1546000
469.65	1547000
469.66	1549000
469.67	1550000
469.68	1552000
469.69	1553000
469.7	1555000
469.71	1556000
469.72	1558000
469.73	1559000
469.74	1561000
469.75	1562000
469.76	1564000
469.77	1565000
469.78	1567000
469.79	1568000
469.8	1570000
469.81	1571000
469.82	1573000
469.83	1574000
469.84	1576000
469.85	1577000
469.86	1579000
469.87	1580000
469.88	1582000
469.89	1583000
469.9	1585000
469.91	1586000
469.92	1588000
469.93	1589000
469.94	1591000
469.95	1592000
469.96	1594000
469.97	1595000
469.98	1597000
469.99	1598000
470	1600000
470.01	1601000
470.02	1603000
470.03	1604000
470.04	1606000
470.05	1607000
470.06	1609000
470.07	1610000
470.08	1612000
470.09	1613000
470.1	1615000
470.11	1616000
470.12	1618000
470.13	1619000
470.14	1621000
470.15	1622000
470.16	1624000
470.17	1625000
470.18	1627000
470.19	1628000
470.2	1630000
470.21	1631000
470.22	1633000
470.23	1634000
470.24	1636000
470.25	1637000
470.26	1639000
470.27	1640000
470.28	1642000
470.29	1643000
470.3	1645000
470.31	1646000
470.32	1648000
470.33	1649000
470.34	1651000
470.35	1652000
470.36	1654000
470.37	1655000
470.38	1657000
470.39	1658000
470.4	1660000
470.41	1661000
470.42	1663000
470.43	1664000
470.44	1666000
470.45	1667000
470.46	1669000
470.47	1670000
470.48	1672000
470.49	1673000
470.5	1675000
470.51	1676000
470.52	1678000
470.53	1679000
470.54	1681000
470.55	1682000
470.56	1684000
470.57	1685000
470.58	1687000
470.59	1688000
470.6	1690000
470.61	1691000
470.62	1693000
470.63	1694000
470.64	1696000
470.65	1697000
470.66	1699000
470.67	1700000
470.68	1702000
470.69	1703000
470.7	1705000
470.71	1706000
470.72	1708000
470.73	1709000
470.74	1711000
470.75	1712000
470.76	1714000
470.77	1715000
470.78	1717000
470.79	1718000
470.8	1720000
470.81	1721000
470.82	1723000
470.83	1724000
470.84	1726000
470.85	1727000
470.86	1729000
470.87	1730000
470.88	1732000
470.89	1733000
470.9	1735000
470.91	1736000
470.92	1738000
470.93	1739000
470.94	1741000
470.95	1742000
470.96	1744000
470.97	1745000
470.98	1747000
470.99	1748000
471	1750000
471.01	1751000
471.02	1753000
471.03	1754000
471.04	1756000
471.05	1757000
471.06	1759000
471.07	1760000
471.08	1762000
471.09	1763000
471.1	1765000
471.11	1766000
471.12	1768000
471.13	1769000
471.14	1771000
471.15	1772000
471.16	1774000
471.17	1775000
471.18	1777000
471.19	1778000
471.2	1780000
471.21	1781000
471.22	1783000
471.23	1784000
471.24	1786000
471.25	1787000
471.26	1789000
471.27	1790000
471.28	1792000
471.29	1793000
471.3	1795000
471.31	1796000
471.32	1798000
471.33	1799000
471.34	1801000
471.35	1802000
471.36	1804000
471.37	1805000
471.38	1807000
471.39	1808000
471.4	1810000
471.41	1811000
471.42	1813000
471.43	1814000
471.44	1816000
471.45	1817000
471.46	1819000
471.47	1820000
471.48	1822000
471.49	1823000
471.5	1825000
471.51	1826000
471.52	1828000
471.53	1829000
471.54	1831000
471.55	1832000
471.56	1834000
471.57	1835000
471.58	1837000
471.59	1838000
471.6	1840000
471.61	1841000
471.62	1843000
471.63	1844000
471.64	1846000
471.65	1847000
471.66	1849000
471.67	1850000
471.68	1852000
471.69	1853000
471.7	1855000
471.71	1856000
471.72	1858000
471.73	1859000
471.74	1861000
471.75	1862000
471.76	1864000
471.77	1865000
471.78	1867000
471.79	1868000
471.8	1870000
471.81	1871000
471.82	1873000
471.83	1874000
471.84	1876000
471.85	1877000
471.86	1879000
471.87	1880000
471.88	1882000
471.89	1883000
471.9	1885000
471.91	1886000
471.92	1888000
471.93	1889000
471.94	1891000
471.95	1892000
471.96	1894000
471.97	1895000
471.98	1897000
471.99	1898000
472	1900000
472.01	1902000
472.02	1904000
472.03	1906000
472.04	1908000
472.05	1910000
472.06	1912000
472.07	1914000
472.08	1916000
472.09	1918000
472.1	1920000
472.11	1922000
472.12	1924000
472.13	1926000
472.14	1928000
472.15	1930000
472.16	1932000
472.17	1934000
472.18	1936000
472.19	1938000
472.2	1940000
472.21	1942000
472.22	1944000
472.23	1946000
472.24	1948000
472.25	1950000
472.26	1952000
472.27	1954000
472.28	1956000
472.29	1958000
472.3	1960000
472.31	1962000
472.32	1964000
472.33	1966000
472.34	1968000
472.35	1970000
472.36	1972000
472.37	1974000
472.38	1976000
472.39	1978000
472.4	1980000
472.41	1982000
472.42	1984000
472.43	1986000
472.44	1988000
472.45	1990000
472.46	1992000
472.47	1994000
472.48	1996000
472.49	1998000
472.5	2000000
472.51	2002000
472.52	2004000
472.53	2006000
472.54	2008000
472.55	2010000
472.56	2012000
472.57	2014000
472.58	2016000
472.59	2018000
472.6	2020000
472.61	2022000
472.62	2024000
472.63	2026000
472.64	2028000
472.65	2030000
472.66	2032000
472.67	2034000
472.68	2036000
472.69	2038000
472.7	2040000
472.71	2042000
472.72	2044000
472.73	2046000
472.74	2048000
472.75	2050000
472.76	2052000
472.77	2054000
472.78	2056000
472.79	2058000
472.8	2060000
472.81	2062000
472.82	2064000
472.83	2066000
472.84	2068000
472.85	2070000
472.86	2072000
472.87	2074000
472.88	2076000
472.89	2078000
472.9	2080000
472.91	2082000
472.92	2084000
472.93	2086000
472.94	2088000
472.95	2090000
472.96	2092000
472.97	2094000
472.98	2096000
472.99	2098000
473	2100000
473.01	2102000
473.02	2104000
473.03	2106000
473.04	2108000
473.05	2110000
473.06	2112000
473.07	2114000
473.08	2116000
473.09	2118000
473.1	2120000
473.11	2122000
473.12	2124000
473.13	2126000
473.14	2128000
473.15	2130000
473.16	2132000
473.17	2134000
473.18	2136000
473.19	2138000
473.2	2140000
473.21	2142000
473.22	2144000
473.23	2146000
473.24	2148000
473.25	2150000
473.26	2152000
473.27	2154000
473.28	2156000
473.29	2158000
473.3	2160000
473.31	2162000
473.32	2164000
473.33	2166000
473.34	2168000
473.35	2170000
473.36	2172000
473.37	2174000
473.38	2176000
473.39	2178000
473.4	2180000
473.41	2182000
473.42	2184000
473.43	2186000
473.44	2188000
473.45	2190000
473.46	2192000
473.47	2194000
473.48	2196000
473.49	2198000
473.5	2200000
473.51	2202000
473.52	2204000
473.53	2206000
473.54	2208000
473.55	2210000
473.56	2212000
473.57	2214000
473.58	2216000
473.59	2218000
473.6	2220000
473.61	2222000
473.62	2224000
473.63	2226000
473.64	2228000
473.65	2230000
473.66	2232000
473.67	2234000
473.68	2236000
473.69	2238000
473.7	2240000
473.71	2242000
473.72	2244000
473.73	2246000
473.74	2248000
473.75	2250000
473.76	2252000
473.77	2254000
473.78	2256000
473.79	2258000
473.8	2260000
473.81	2262000
473.82	2264000
473.83	2266000
473.84	2268000
473.85	2270000
473.86	2272000
473.87	2274000
473.88	2276000
473.89	2278000
473.9	2280000
473.91	2282000
473.92	2284000
473.93	2286000
473.94	2288000
473.95	2290000
473.96	2292000
473.97	2294000
473.98	2296000
473.99	2298000
474	2300000
474.01	2302000
474.02	2304000
474.03	2306000
474.04	2308000
474.05	2310000
474.06	2312000
474.07	2314000
474.08	2316000
474.09	2318000
474.1	2320000
474.11	2322000
474.12	2324000
474.13	2326000
474.14	2328000
474.15	2330000
474.16	2332000
474.17	2334000
474.18	2336000
474.19	2338000
474.2	2340000
474.21	2342000
474.22	2344000
474.23	2346000
474.24	2348000
474.25	2350000
474.26	2352000
474.27	2354000
474.28	2356000
474.29	2358000
474.3	2360000
474.31	2362000
474.32	2364000
474.33	2366000
474.34	2368000
474.35	2370000
474.36	2372000
474.37	2374000
474.38	2376000
474.39	2378000
474.4	2380000
474.41	2382000
474.42	2384000
474.43	2386000
474.44	2388000
474.45	2390000
474.46	2392000
474.47	2394000
474.48	2396000
474.49	2398000
474.5	2400000
474.51	2402000
474.52	2404000
474.53	2406000
474.54	2408000
474.55	2410000
474.56	2412000
474.57	2414000
474.58	2416000
474.59	2418000
474.6	2420000
474.61	2422000
474.62	2424000
474.63	2426000
474.64	2428000
474.65	2430000
474.66	2432000
474.67	2434000
474.68	2436000
474.69	2438000
474.7	2440000
474.71	2442000
474.72	2444000
474.73	2446000
474.74	2448000
474.75	2450000
474.76	2452000
474.77	2454000
474.78	2456000
474.79	2458000
474.8	2460000
474.81	2462000
474.82	2464000
474.83	2466000
474.84	2468000
474.85	2470000
474.86	2472000
474.87	2474000
474.88	2476000
474.89	2478000
474.9	2480000
474.91	2482000
474.92	2484000
474.93	2486000
474.94	2488000
474.95	2490000
474.96	2492000
474.97	2494000
474.98	2496000
474.99	2498000
475	2500000
475.01	2502000
475.02	2504000
475.03	2506000
475.04	2508000
475.05	2510000
475.06	2512000
475.07	2514000
475.08	2516000
475.09	2518000
475.1	2520000
475.11	2522000
475.12	2524000
475.13	2526000
475.14	2528000
475.15	2530000
475.16	2532000
475.17	2534000
475.18	2536000
475.19	2538000
475.2	2540000
475.21	2542000
475.22	2544000
475.23	2546000
475.24	2548000
475.25	2550000
475.26	2552000
475.27	2554000
475.28	2556000
475.29	2558000
475.3	2560000
475.31	2562000
475.32	2564000
475.33	2566000
475.34	2568000
475.35	2570000
475.36	2572000
475.37	2574000
475.38	2576000
475.39	2578000
475.4	2580000
475.41	2582000
475.42	2584000
475.43	2586000
475.44	2588000
475.45	2590000
475.46	2592000
475.47	2594000
475.48	2596000
475.49	2598000
475.5	2600000
475.51	2602000
475.52	2604000
475.53	2606000
475.54	2608000
475.55	2610000
475.56	2612000
475.57	2614000
475.58	2616000
475.59	2618000
475.6	2620000
475.61	2622000
475.62	2624000
475.63	2626000
475.64	2628000
475.65	2630000
475.66	2632000
475.67	2634000
475.68	2636000
475.69	2638000
475.7	2640000
475.71	2642000
475.72	2644000
475.73	2646000
475.74	2648000
475.75	2650000
475.76	2652000
475.77	2654000
475.78	2656000
475.79	2658000
475.8	2660000
475.81	2662000
475.82	2664000
475.83	2666000
475.84	2668000
475.85	2670000
475.86	2672000
475.87	2674000
475.88	2676000
475.89	2678000
475.9	2680000
475.91	2682000
475.92	2684000
475.93	2686000
475.94	2688000
475.95	2690000
475.96	2692000
475.97	2694000
475.98	2696000
475.99	2698000
476	2700000
476.01	2702000
476.02	2704000
476.03	2706000
476.04	2708000
476.05	2710000
476.06	2712000
476.07	2714000
476.08	2716000
476.09	2718000
476.1	2720000
476.11	2722000
476.12	2724000
476.13	2726000
476.14	2728000
476.15	2730000
476.16	2732000
476.17	2734000
476.18	2736000
476.19	2738000
476.2	2740000
476.21	2742000
476.22	2744000
476.23	2746000
476.24	2748000
476.25	2750000
476.26	2752000
476.27	2754000
476.28	2756000
476.29	2758000
476.3	2760000
476.31	2762000
476.32	2764000
476.33	2766000
476.34	2768000
476.35	2770000
476.36	2772000
476.37	2774000
476.38	2776000
476.39	2778000
476.4	2780000
476.41	2782000
476.42	2784000
476.43	2786000
476.44	2788000
476.45	2790000
476.46	2792000
476.47	2794000
476.48	2796000
476.49	2798000
476.5	2800000
476.51	2802000
476.52	2804000
476.53	2806000
476.54	2808000
476.55	2810000
476.56	2812000
476.57	2814000
476.58	2816000
476.59	2818000
476.6	2820000
476.61	2822000
476.62	2824000
476.63	2826000
476.64	2828000
476.65	2830000
476.66	2832000
476.67	2834000
476.68	2836000
476.69	2838000
476.7	2840000
476.71	2842000
476.72	2844000
476.73	2846000
476.74	2848000
476.75	2850000
476.76	2852000
476.77	2854000
476.78	2856000
476.79	2858000
476.8	2860000
476.81	2862000
476.82	2864000
476.83	2866000
476.84	2868000
476.85	2870000
476.86	2872000
476.87	2874000
476.88	2876000
476.89	2878000
476.9	2880000
476.91	2882000
476.92	2884000
476.93	2886000
476.94	2888000
476.95	2890000
476.96	2892000
476.97	2894000
476.98	2896000
476.99	2898000
477	2900000
477.01	2902000
477.02	2904000
477.03	2906000
477.04	2908000
477.05	2910000
477.06	2912000
477.07	2914000
477.08	2916000
477.09	2918000
477.1	2920000
477.11	2922000
477.12	2924000
477.13	2926000
477.14	2928000
477.15	2930000
477.16	2932000
477.17	2934000
477.18	2936000
477.19	2938000
477.2	2940000
477.21	2942000
477.22	2944000
477.23	2946000
477.24	2948000
477.25	2950000
477.26	2952000
477.27	2954000
477.28	2956000
477.29	2958000
477.3	2960000
477.31	2962000
477.32	2964000
477.33	2966000
477.34	2968000
477.35	2970000
477.36	2972000
477.37	2974000
477.38	2976000
477.39	2978000
477.4	2980000
477.41	2982000
477.42	2984000
477.43	2986000
477.44	2988000
477.45	2990000
477.46	2992000
477.47	2994000
477.48	2996000
477.49	2998000
477.5	3000000
477.51	3002000
477.52	3004000
477.53	3006000
477.54	3008000
477.55	3010000
477.56	3012000
477.57	3014000
477.58	3016000
477.59	3018000
477.6	3020000
477.61	3022000
477.62	3024000
477.63	3026000
477.64	3028000
477.65	3030000
477.66	3032000
477.67	3034000
477.68	3036000
477.69	3038000
477.7	3040000
477.71	3042000
477.72	3044000
477.73	3046000
477.74	3048000
477.75	3050000
477.76	3052000
477.77	3054000
477.78	3056000
477.79	3058000
477.8	3060000
477.81	3062000
477.82	3064000
477.83	3066000
477.84	3068000
477.85	3070000
477.86	3072000
477.87	3074000
477.88	3076000
477.89	3078000
477.9	3080000
477.91	3082000
477.92	3084000
477.93	3086000
477.94	3088000
477.95	3090000
477.96	3092000
477.97	3094000
477.98	3096000
477.99	3098000
478	3100000
478.01	3102000
478.02	3105000
478.03	3107000
478.04	3110000
478.05	3112000
478.06	3115000
478.07	3117000
478.08	3120000
478.09	3122000
478.1	3125000
478.11	3127000
478.12	3130000
478.13	3132000
478.14	3135000
478.15	3137000
478.16	3140000
478.17	3142000
478.18	3145000
478.19	3147000
478.2	3150000
478.21	3152000
478.22	3155000
478.23	3157000
478.24	3160000
478.25	3162000
478.26	3165000
478.27	3167000
478.28	3170000
478.29	3172000
478.3	3175000
478.31	3177000
478.32	3180000
478.33	3182000
478.34	3185000
478.35	3187000
478.36	3190000
478.37	3192000
478.38	3195000
478.39	3197000
478.4	3200000
478.41	3202000
478.42	3205000
478.43	3207000
478.44	3210000
478.45	3212000
478.46	3215000
478.47	3217000
478.48	3220000
478.49	3222000
478.5	3225000
478.51	3227000
478.52	3230000
478.53	3232000
478.54	3235000
478.55	3237000
478.56	3240000
478.57	3242000
478.58	3245000
478.59	3247000
478.6	3250000
478.61	3252000
478.62	3255000
478.63	3257000
478.64	3260000
478.65	3262000
478.66	3265000
478.67	3267000
478.68	3270000
478.69	3272000
478.7	3275000
478.71	3277000
478.72	3280000
478.73	3282000
478.74	3285000
478.75	3287000
478.76	3290000
478.77	3292000
478.78	3295000
478.79	3297000
478.8	3300000
478.81	3302000
478.82	3305000
478.83	3307000
478.84	3310000
478.85	3312000
478.86	3315000
478.87	3317000
478.88	3320000
478.89	3322000
478.9	3325000
478.91	3327000
478.92	3330000
478.93	3332000
478.94	3335000
478.95	3337000
478.96	3340000
478.97	3342000
478.98	3345000
478.99	3347000
479	3350000
479.01	3352000
479.02	3355000
479.03	3357000
479.04	3360000
479.05	3362000
479.06	3365000
479.07	3367000
479.08	3370000
479.09	3372000
479.1	3375000
479.11	3377000
479.12	3380000
479.13	3382000
479.14	3385000
479.15	3387000
479.16	3390000
479.17	3392000
479.18	3395000
479.19	3397000
479.2	3400000
479.21	3402000
479.22	3405000
479.23	3407000
479.24	3410000
479.25	3412000
479.26	3415000
479.27	3417000
479.28	3420000
479.29	3422000
479.3	3425000
479.31	3427000
479.32	3430000
479.33	3432000
479.34	3435000
479.35	3437000
479.36	3440000
479.37	3442000
479.38	3445000
479.39	3447000
479.4	3450000
479.41	3452000
479.42	3455000
479.43	3457000
479.44	3460000
479.45	3462000
479.46	3465000
479.47	3467000
479.48	3470000
479.49	3472000
479.5	3475000
479.51	3477000
479.52	3480000
479.53	3482000
479.54	3485000
479.55	3487000
479.56	3490000
479.57	3492000
479.58	3495000
479.59	3497000
479.6	3500000
479.61	3502000
479.62	3505000
479.63	3507000
479.64	3510000
479.65	3512000
479.66	3515000
479.67	3517000
479.68	3520000
479.69	3522000
479.7	3525000
479.71	3527000
479.72	3530000
479.73	3532000
479.74	3535000
479.75	3537000
479.76	3540000
479.77	3542000
479.78	3545000
479.79	3547000
479.8	3550000
479.81	3552000
479.82	3555000
479.83	3557000
479.84	3560000
479.85	3562000
479.86	3565000
479.87	3567000
479.88	3570000
479.89	3572000
479.9	3575000
479.91	3577000
479.92	3580000
479.93	3582000
479.94	3585000
479.95	3587000
479.96	3590000
479.97	3592000
479.98	3595000
479.99	3597000
480	3600000
480.01	3602000
480.02	3605000
480.03	3607000
480.04	3610000
480.05	3612000
480.06	3615000
480.07	3617000
480.08	3620000
480.09	3622000
480.1	3625000
480.11	3627000
480.12	3630000
480.13	3632000
480.14	3635000
480.15	3637000
480.16	3640000
480.17	3642000
480.18	3645000
480.19	3647000
480.2	3650000
480.21	3652000
480.22	3655000
480.23	3657000
480.24	3660000
480.25	3662000
480.26	3665000
480.27	3667000
480.28	3670000
480.29	3672000
480.3	3675000
480.31	3677000
480.32	3680000
480.33	3682000
480.34	3685000
480.35	3687000
480.36	3690000
480.37	3692000
480.38	3695000
480.39	3697000
480.4	3700000
480.41	3702000
480.42	3705000
480.43	3707000
480.44	3710000
480.45	3712000
480.46	3715000
480.47	3717000
480.48	3720000
480.49	3722000
480.5	3725000
480.51	3727000
480.52	3730000
480.53	3732000
480.54	3735000
480.55	3737000
480.56	3740000
480.57	3742000
480.58	3745000
480.59	3747000
480.6	3750000
480.61	3752000
480.62	3755000
480.63	3757000
480.64	3760000
480.65	3762000
480.66	3765000
480.67	3767000
480.68	3770000
480.69	3772000
480.7	3775000
480.71	3777000
480.72	3780000
480.73	3782000
480.74	3785000
480.75	3787000
480.76	3790000
480.77	3792000
480.78	3795000
480.79	3797000
480.8	3800000
480.81	3802000
480.82	3805000
480.83	3807000
480.84	3810000
480.85	3812000
480.86	3815000
480.87	3817000
480.88	3820000
480.89	3822000
480.9	3825000
480.91	3827000
480.92	3830000
480.93	3832000
480.94	3835000
480.95	3837000
480.96	3840000
480.97	3842000
480.98	3845000
480.99	3847000
481	3850000
481.01	3852000
481.02	3855000
481.03	3857000
481.04	3860000
481.05	3862000
481.06	3865000
481.07	3867000
481.08	3870000
481.09	3872000
481.1	3875000
481.11	3877000
481.12	3880000
481.13	3882000
481.14	3885000
481.15	3887000
481.16	3890000
481.17	3892000
481.18	3895000
481.19	3897000
481.2	3900000
481.21	3902000
481.22	3905000
481.23	3907000
481.24	3910000
481.25	3912000
481.26	3915000
481.27	3917000
481.28	3920000
481.29	3922000
481.3	3925000
481.31	3927000
481.32	3930000
481.33	3932000
481.34	3935000
481.35	3937000
481.36	3940000
481.37	3942000
481.38	3945000
481.39	3947000
481.4	3950000
481.41	3952000
481.42	3955000
481.43	3957000
481.44	3960000
481.45	3962000
481.46	3965000
481.47	3967000
481.48	3970000
481.49	3972000
481.5	3975000
481.51	3977000
481.52	3980000
481.53	3982000
481.54	3985000
481.55	3987000
481.56	3990000
481.57	3992000
481.58	3995000
481.59	3997000
481.6	4000000
481.61	4002000
481.62	4005000
481.63	4007000
481.64	4010000
481.65	4012000
481.66	4015000
481.67	4017000
481.68	4020000
481.69	4022000
481.7	4025000
481.71	4027000
481.72	4030000
481.73	4032000
481.74	4035000
481.75	4037000
481.76	4040000
481.77	4042000
481.78	4045000
481.79	4047000
481.8	4050000
481.81	4052000
481.82	4055000
481.83	4057000
481.84	4060000
481.85	4062000
481.86	4065000
481.87	4067000
481.88	4070000
481.89	4072000
481.9	4075000
481.91	4077000
481.92	4080000
481.93	4082000
481.94	4085000
481.95	4087000
481.96	4090000
481.97	4092000
481.98	4095000
481.99	4097000
482	4100000
482.01	4102000
482.02	4105000
482.03	4107000
482.04	4110000
482.05	4112000
482.06	4115000
482.07	4117000
482.08	4120000
482.09	4122000
482.1	4125000
482.11	4127000
482.12	4130000
482.13	4132000
482.14	4135000
482.15	4137000
482.16	4140000
482.17	4142000
482.18	4145000
482.19	4147000
482.2	4150000
482.21	4152000
482.22	4155000
482.23	4157000
482.24	4160000
482.25	4162000
482.26	4165000
482.27	4167000
482.28	4170000
482.29	4172000
482.3	4175000
482.31	4177000
482.32	4180000
482.33	4182000
482.34	4185000
482.35	4187000
482.36	4190000
482.37	4192000
482.38	4195000
482.39	4197000
482.4	4200000
482.41	4202000
482.42	4205000
482.43	4207000
482.44	4210000
482.45	4212000
482.46	4215000
482.47	4217000
482.48	4220000
482.49	4222000
482.5	4225000
482.51	4227000
482.52	4230000
482.53	4232000
482.54	4235000
482.55	4237000
482.56	4240000
482.57	4242000
482.58	4245000
482.59	4247000
482.6	4250000
482.61	4252000
482.62	4255000
482.63	4257000
482.64	4260000
482.65	4262000
482.66	4265000
482.67	4267000
482.68	4270000
482.69	4272000
482.7	4275000
482.71	4277000
482.72	4280000
482.73	4282000
482.74	4285000
482.75	4287000
482.76	4290000
482.77	4292000
482.78	4295000
482.79	4297000
482.8	4300000
482.81	4302000
482.82	4305000
482.83	4307000
482.84	4310000
482.85	4312000
482.86	4315000
482.87	4317000
482.88	4320000
482.89	4322000
482.9	4325000
482.91	4327000
482.92	4330000
482.93	4332000
482.94	4335000
482.95	4337000
482.96	4340000
482.97	4342000
482.98	4345000
482.99	4347000
483	4350000
483.01	4353000
483.02	4356000
483.03	4359000
483.04	4362000
483.05	4365000
483.06	4368000
483.07	4371000
483.08	4374000
483.09	4377000
483.1	4380000
483.11	4383000
483.12	4386000
483.13	4389000
483.14	4392000
483.15	4395000
483.16	4398000
483.17	4401000
483.18	4404000
483.19	4407000
483.2	4410000
483.21	4413000
483.22	4416000
483.23	4419000
483.24	4422000
483.25	4425000
483.26	4428000
483.27	4431000
483.28	4434000
483.29	4437000
483.3	4440000
483.31	4443000
483.32	4446000
483.33	4449000
483.34	4452000
483.35	4455000
483.36	4458000
483.37	4461000
483.38	4464000
483.39	4467000
483.4	4470000
483.41	4473000
483.42	4476000
483.43	4479000
483.44	4482000
483.45	4485000
483.46	4488000
483.47	4491000
483.48	4494000
483.49	4497000
483.5	4500000
483.51	4503000
483.52	4506000
483.53	4509000
483.54	4512000
483.55	4515000
483.56	4518000
483.57	4521000
483.58	4524000
483.59	4527000
483.6	4530000
483.61	4533000
483.62	4536000
483.63	4539000
483.64	4542000
483.65	4545000
483.66	4548000
483.67	4551000
483.68	4554000
483.69	4557000
483.7	4560000
483.71	4563000
483.72	4566000
483.73	4569000
483.74	4572000
483.75	4575000
483.76	4578000
483.77	4581000
483.78	4584000
483.79	4587000
483.8	4590000
483.81	4593000
483.82	4596000
483.83	4599000
483.84	4602000
483.85	4605000
483.86	4608000
483.87	4611000
483.88	4614000
483.89	4617000
483.9	4620000
483.91	4623000
483.92	4626000
483.93	4629000
483.94	4632000
483.95	4635000
483.96	4638000
483.97	4641000
483.98	4644000
483.99	4647000
484	4650000
484.01	4653000
484.02	4656000
484.03	4659000
484.04	4662000
484.05	4665000
484.06	4668000
484.07	4671000
484.08	4674000
484.09	4677000
484.1	4680000
484.11	4683000
484.12	4686000
484.13	4689000
484.14	4692000
484.15	4695000
484.16	4698000
484.17	4701000
484.18	4704000
484.19	4707000
484.2	4710000
484.21	4713000
484.22	4716000
484.23	4719000
484.24	4722000
484.25	4725000
484.26	4728000
484.27	4731000
484.28	4734000
484.29	4737000
484.3	4740000
484.31	4743000
484.32	4746000
484.33	4749000
484.34	4752000
484.35	4755000
484.36	4758000
484.37	4761000
484.38	4764000
484.39	4767000
484.4	4770000
484.41	4773000
484.42	4776000
484.43	4779000
484.44	4782000
484.45	4785000
484.46	4788000
484.47	4791000
484.48	4794000
484.49	4797000
484.5	4800000
484.51	4803000
484.52	4806000
484.53	4809000
484.54	4812000
484.55	4815000
484.56	4818000
484.57	4821000
484.58	4824000
484.59	4827000
484.6	4830000
484.61	4833000
484.62	4836000
484.63	4839000
484.64	4842000
484.65	4845000
484.66	4848000
484.67	4851000
484.68	4854000
484.69	4857000
484.7	4860000
484.71	4863000
484.72	4866000
484.73	4869000
484.74	4872000
484.75	4875000
484.76	4878000
484.77	4881000
484.78	4884000
484.79	4887000
484.8	4890000
484.81	4893000
484.82	4896000
484.83	4899000
484.84	4902000
484.85	4905000
484.86	4908000
484.87	4911000
484.88	4914000
484.89	4917000
484.9	4920000
484.91	4923000
484.92	4926000
484.93	4929000
484.94	4932000
484.95	4935000
484.96	4938000
484.97	4941000
484.98	4944000
484.99	4947000
485	4950000
485.01	4953000
485.02	4956000
485.03	4959000
485.04	4962000
485.05	4965000
485.06	4968000
485.07	4971000
485.08	4974000
485.09	4977000
485.1	4980000
485.11	4983000
485.12	4986000
485.13	4989000
485.14	4992000
485.15	4995000
485.16	4998000
485.17	5001000
485.18	5004000
485.19	5007000
485.2	5010000
485.21	5013000
485.22	5016000
485.23	5019000
485.24	5022000
485.25	5025000
485.26	5028000
485.27	5031000
485.28	5034000
485.29	5037000
485.3	5040000
485.31	5043000
485.32	5046000
485.33	5049000
485.34	5052000
485.35	5055000
485.36	5058000
485.37	5061000
485.38	5064000
485.39	5067000
485.4	5070000
485.41	5073000
485.42	5076000
485.43	5079000
485.44	5082000
485.45	5085000
485.46	5088000
485.47	5091000
485.48	5094000
485.49	5097000
485.5	5100000
485.51	5103000
485.52	5106000
485.53	5109000
485.54	5112000
485.55	5115000
485.56	5118000
485.57	5121000
485.58	5124000
485.59	5127000
485.6	5130000
485.61	5133000
485.62	5136000
485.63	5139000
485.64	5142000
485.65	5145000
485.66	5148000
485.67	5151000
485.68	5154000
485.69	5157000
485.7	5160000
485.71	5163000
485.72	5166000
485.73	5169000
485.74	5172000
485.75	5175000
485.76	5178000
485.77	5181000
485.78	5184000
485.79	5187000
485.8	5190000
485.81	5193000
485.82	5196000
485.83	5199000
485.84	5202000
485.85	5205000
485.86	5208000
485.87	5211000
485.88	5214000
485.89	5217000
485.9	5220000
485.91	5223000
485.92	5226000
485.93	5229000
485.94	5232000
485.95	5235000
485.96	5238000
485.97	5241000
485.98	5244000
485.99	5247000
486	5250000
486.01	5253000
486.02	5256000
486.03	5259000
486.04	5262000
486.05	5265000
486.06	5268000
486.07	5271000
486.08	5274000
486.09	5277000
486.1	5280000
486.11	5283000
486.12	5286000
486.13	5289000
486.14	5292000
486.15	5295000
486.16	5298000
486.17	5301000
486.18	5304000
486.19	5307000
486.2	5310000
486.21	5313000
486.22	5316000
486.23	5319000
486.24	5322000
486.25	5325000
486.26	5328000
486.27	5331000
486.28	5334000
486.29	5337000
486.3	5340000
486.31	5343000
486.32	5346000
486.33	5349000
486.34	5352000
486.35	5355000
486.36	5358000
486.37	5361000
486.38	5364000
486.39	5367000
486.4	5370000
486.41	5373000
486.42	5376000
486.43	5379000
486.44	5382000
486.45	5385000
486.46	5388000
486.47	5391000
486.48	5394000
486.49	5397000
486.5	5400000
486.51	5403000
486.52	5406000
486.53	5409000
486.54	5412000
486.55	5415000
486.56	5418000
486.57	5421000
486.58	5424000
486.59	5427000
486.6	5430000
486.61	5433000
486.62	5436000
486.63	5439000
486.64	5442000
486.65	5445000
486.66	5448000
486.67	5451000
486.68	5454000
486.69	5457000
486.7	5460000
486.71	5463000
486.72	5466000
486.73	5469000
486.74	5472000
486.75	5475000
486.76	5478000
486.77	5481000
486.78	5484000
486.79	5487000
486.8	5490000
486.81	5493000
486.82	5496000
486.83	5499000
486.84	5502000
486.85	5505000
486.86	5508000
486.87	5511000
486.88	5514000
486.89	5517000
486.9	5520000
486.91	5523000
486.92	5526000
486.93	5529000
486.94	5532000
486.95	5535000
486.96	5538000
486.97	5541000
486.98	5544000
486.99	5547000
487	5550000
487.01	5553000
487.02	5556000
487.03	5559000
487.04	5562000
487.05	5565000
487.06	5568000
487.07	5571000
487.08	5574000
487.09	5577000
487.1	5580000
487.11	5583000
487.12	5586000
487.13	5589000
487.14	5592000
487.15	5595000
487.16	5598000
487.17	5601000
487.18	5604000
487.19	5607000
487.2	5610000
487.21	5613000
487.22	5616000
487.23	5619000
487.24	5622000
487.25	5625000
487.26	5628000
487.27	5631000
487.28	5634000
487.29	5637000
487.3	5640000
487.31	5643000
487.32	5646000
487.33	5649000
487.34	5652000
487.35	5655000
487.36	5658000
487.37	5661000
487.38	5664000
487.39	5667000
487.4	5670000
487.41	5673000
487.42	5676000
487.43	5679000
487.44	5682000
487.45	5685000
487.46	5688000
487.47	5691000
487.48	5694000
487.49	5697000
487.5	5700000
487.51	5703000
487.52	5706000
487.53	5709000
487.54	5712000
487.55	5715000
487.56	5718000
487.57	5721000
487.58	5724000
487.59	5727000
487.6	5730000
487.61	5733000
487.62	5736000
487.63	5739000
487.64	5742000
487.65	5745000
487.66	5748000
487.67	5751000
487.68	5754000
487.69	5757000
487.7	5760000
487.71	5763000
487.72	5766000
487.73	5769000
487.74	5772000
487.75	5775000
487.76	5778000
487.77	5781000
487.78	5784000
487.79	5787000
487.8	5790000
487.81	5793000
487.82	5796000
487.83	5799000
487.84	5802000
487.85	5805000
487.86	5808000
487.87	5811000
487.88	5814000
487.89	5817000
487.9	5820000
487.91	5823000
487.92	5826000
487.93	5829000
487.94	5832000
487.95	5835000
487.96	5838000
487.97	5841000
487.98	5844000
487.99	5847000
488	5850000
488.01	5853000
488.02	5856000
488.03	5859000
488.04	5862000
488.05	5865000
488.06	5868000
488.07	5871000
488.08	5874000
488.09	5877000
488.1	5880000
488.11	5883000
488.12	5886000
488.13	5889000
488.14	5892000
488.15	5895000
488.16	5898000
488.17	5901000
488.18	5904000
488.19	5907000
488.2	5910000
488.21	5913000
488.22	5916000
488.23	5919000
488.24	5922000
488.25	5925000
488.26	5928000
488.27	5931000
488.28	5934000
488.29	5937000
488.3	5940000
488.31	5943000
488.32	5946000
488.33	5949000
488.34	5952000
488.35	5955000
488.36	5958000
488.37	5961000
488.38	5964000
488.39	5967000
488.4	5970000
488.41	5973000
488.42	5976000
488.43	5979000
488.44	5982000
488.45	5985000
488.46	5988000
488.47	5991000
488.48	5994000
488.49	5997000
488.5	6000000
488.51	6003000
488.52	6006000
488.53	6009000
488.54	6012000
488.55	6015000
488.56	6018000
488.57	6021000
488.58	6024000
488.59	6027000
488.6	6030000
488.61	6033000
488.62	6036000
488.63	6039000
488.64	6042000
488.65	6045000
488.66	6048000
488.67	6051000
488.68	6054000
488.69	6057000
488.7	6060000
488.71	6063000
488.72	6066000
488.73	6069000
488.74	6072000
488.75	6075000
488.76	6078000
488.77	6081000
488.78	6084000
488.79	6087000
488.8	6090000
488.81	6093000
488.82	6096000
488.83	6099000
488.84	6102000
488.85	6105000
488.86	6108000
488.87	6111000
488.88	6114000
488.89	6117000
488.9	6120000
488.91	6123000
488.92	6126000
488.93	6129000
488.94	6132000
488.95	6135000
488.96	6138000
488.97	6141000
488.98	6144000
488.99	6147000
489	6150000
489.01	6153000
489.02	6156000
489.03	6159000
489.04	6162000
489.05	6165000
489.06	6168000
489.07	6171000
489.08	6174000
489.09	6177000
489.1	6180000
489.11	6183000
489.12	6186000
489.13	6189000
489.14	6192000
489.15	6195000
489.16	6198000
489.17	6201000
489.18	6204000
489.19	6207000
489.2	6210000
489.21	6213000
489.22	6216000
489.23	6219000
489.24	6222000
489.25	6225000
489.26	6228000
489.27	6231000
489.28	6234000
489.29	6237000
489.3	6240000
489.31	6243000
489.32	6246000
489.33	6249000
489.34	6252000
489.35	6255000
489.36	6258000
489.37	6261000
489.38	6264000
489.39	6267000
489.4	6270000
489.41	6273000
489.42	6276000
489.43	6279000
489.44	6282000
489.45	6285000
489.46	6288000
489.47	6291000
489.48	6294000
489.49	6297000
489.5	6300000
489.51	6303000
489.52	6306000
489.53	6309000
489.54	6312000
489.55	6315000
489.56	6318000
489.57	6321000
489.58	6324000
489.59	6327000
489.6	6330000
489.61	6333000
489.62	6336000
489.63	6339000
489.64	6342000
489.65	6345000
489.66	6348000
489.67	6351000
489.68	6354000
489.69	6357000
489.7	6360000
489.71	6363000
489.72	6366000
489.73	6369000
489.74	6372000
489.75	6375000
489.76	6378000
489.77	6381000
489.78	6384000
489.79	6387000
489.8	6390000
489.81	6393000
489.82	6396000
489.83	6399000
489.84	6402000
489.85	6405000
489.86	6408000
489.87	6411000
489.88	6414000
489.89	6417000
489.9	6420000
489.91	6423000
489.92	6426000
489.93	6429000
489.94	6432000
489.95	6435000
489.96	6438000
489.97	6441000
489.98	6444000
489.99	6447000
490	6450000
490.01	6453000
490.02	6456000
490.03	6459000
490.04	6462000
490.05	6465000
490.06	6468000
490.07	6471000
490.08	6474000
490.09	6477000
490.1	6480000
490.11	6483000
490.12	6486000
490.13	6489000
490.14	6492000
490.15	6495000
490.16	6498000
490.17	6501000
490.18	6504000
490.19	6507000
490.2	6510000
490.21	6513000
490.22	6516000
490.23	6519000
490.24	6522000
490.25	6525000
490.26	6528000
490.27	6531000
490.28	6534000
490.29	6537000
490.3	6540000
490.31	6543000
490.32	6546000
490.33	6549000
490.34	6552000
490.35	6555000
490.36	6558000
490.37	6561000
490.38	6564000
490.39	6567000
490.4	6570000
490.41	6573000
490.42	6576000
490.43	6579000
490.44	6582000
490.45	6585000
490.46	6588000
490.47	6591000
490.48	6594000
490.49	6597000
490.5	6600000
490.51	6603000
490.52	6606000
490.53	6609000
490.54	6612000
490.55	6615000
490.56	6618000
490.57	6621000
490.58	6624000
490.59	6627000
490.6	6630000
490.61	6633000
490.62	6636000
490.63	6639000
490.64	6642000
490.65	6645000
490.66	6648000
490.67	6651000
490.68	6654000
490.69	6657000
490.7	6660000
490.71	6663000
490.72	6666000
490.73	6669000
490.74	6672000
490.75	6675000
490.76	6678000
490.77	6681000
490.78	6684000
490.79	6687000
490.8	6690000
490.81	6693000
490.82	6696000
490.83	6699000
490.84	6702000
490.85	6705000
490.86	6708000
490.87	6711000
490.88	6714000
490.89	6717000
490.9	6720000
490.91	6723000
490.92	6726000
490.93	6729000
490.94	6732000
490.95	6735000
490.96	6738000
490.97	6741000
490.98	6744000
490.99	6747000
491	6750000
491.01	6753000
491.02	6756000
491.03	6759000
491.04	6762000
491.05	6765000
491.06	6768000
491.07	6771000
491.08	6774000
491.09	6777000
491.1	6780000
491.11	6783000
491.12	6786000
491.13	6789000
491.14	6792000
491.15	6795000
491.16	6798000
491.17	6801000
491.18	6804000
491.19	6807000
491.2	6810000
491.21	6813000
491.22	6816000
491.23	6819000
491.24	6822000
491.25	6825000
491.26	6828000
491.27	6831000
491.28	6834000
491.29	6837000
491.3	6840000
491.31	6843000
491.32	6846000
491.33	6849000
491.34	6852000
491.35	6855000
491.36	6858000
491.37	6861000
491.38	6864000
491.39	6867000
491.4	6870000
491.41	6873000
491.42	6876000
491.43	6879000
491.44	6882000
491.45	6885000
491.46	6888000
491.47	6891000
491.48	6894000
491.49	6897000
491.5	6900000
491.51	6903000
491.52	6906000
491.53	6909000
491.54	6912000
491.55	6915000
491.56	6918000
491.57	6921000
491.58	6924000
491.59	6927000
491.6	6930000
491.61	6933000
491.62	6936000
491.63	6939000
491.64	6942000
491.65	6945000
491.66	6948000
491.67	6951000
491.68	6954000
491.69	6957000
491.7	6960000
491.71	6963000
491.72	6966000
491.73	6969000
491.74	6972000
491.75	6975000
491.76	6978000
491.77	6981000
491.78	6984000
491.79	6987000
491.8	6990000
491.81	6993000
491.82	6996000
491.83	6999000
491.84	7002000
491.85	7005000
491.86	7008000
491.87	7011000
491.88	7014000
491.89	7017000
491.9	7020000
491.91	7023000
491.92	7026000
491.93	7029000
491.94	7032000
491.95	7035000
491.96	7038000
491.97	7041000
491.98	7044000
491.99	7047000
492	7050000
492.01	7053000
492.02	7056000
492.03	7059000
492.04	7062000
492.05	7065000
492.06	7068000
492.07	7071000
492.08	7074000
492.09	7077000
492.1	7080000
492.11	7083000
492.12	7086000
492.13	7089000
492.14	7092000
492.15	7095000
492.16	7098000
492.17	7101000
492.18	7104000
492.19	7107000
492.2	7110000
492.21	7113000
492.22	7116000
492.23	7119000
492.24	7122000
492.25	7125000
492.26	7128000
492.27	7131000
492.28	7134000
492.29	7137000
492.3	7140000
492.31	7143000
492.32	7146000
492.33	7149000
492.34	7152000
492.35	7155000
492.36	7158000
492.37	7161000
492.38	7164000
492.39	7167000
492.4	7170000
492.41	7173000
492.42	7176000
492.43	7179000
492.44	7182000
492.45	7185000
492.46	7188000
492.47	7191000
492.48	7194000
492.49	7197000
492.5	7200000
492.51	7203000
492.52	7206000
492.53	7209000
492.54	7212000
492.55	7215000
492.56	7218000
492.57	7221000
492.58	7224000
492.59	7227000
492.6	7230000
492.61	7233000
492.62	7236000
492.63	7239000
492.64	7242000
492.65	7245000
492.66	7248000
492.67	7251000
492.68	7254000
492.69	7257000
492.7	7260000
492.71	7263000
492.72	7266000
492.73	7269000
492.74	7272000
492.75	7275000
492.76	7278000
492.77	7281000
492.78	7284000
492.79	7287000
492.8	7290000
492.81	7293000
492.82	7296000
492.83	7299000
492.84	7302000
492.85	7305000
492.86	7308000
492.87	7311000
492.88	7314000
492.89	7317000
492.9	7320000
492.91	7323000
492.92	7326000
492.93	7329000
492.94	7332000
492.95	7335000
492.96	7338000
492.97	7341000
492.98	7344000
492.99	7347000
493	7350000
493.01	7353000
493.02	7357000
493.03	7360000
493.04	7364000
493.05	7367000
493.06	7371000
493.07	7374000
493.08	7378000
493.09	7381000
493.1	7385000
493.11	7388000
493.12	7392000
493.13	7395000
493.14	7399000
493.15	7402000
493.16	7406000
493.17	7409000
493.18	7413000
493.19	7416000
493.2	7420000
493.21	7423000
493.22	7427000
493.23	7430000
493.24	7434000
493.25	7437000
493.26	7441000
493.27	7444000
493.28	7448000
493.29	7451000
493.3	7455000
493.31	7458000
493.32	7462000
493.33	7465000
493.34	7469000
493.35	7472000
493.36	7476000
493.37	7479000
493.38	7483000
493.39	7486000
493.4	7490000
493.41	7493000
493.42	7497000
493.43	7500000
493.44	7504000
493.45	7507000
493.46	7511000
493.47	7514000
493.48	7518000
493.49	7521000
493.5	7525000
493.51	7528000
493.52	7532000
493.53	7535000
493.54	7539000
493.55	7542000
493.56	7546000
493.57	7549000
493.58	7553000
493.59	7556000
493.6	7560000
493.61	7563000
493.62	7567000
493.63	7570000
493.64	7574000
493.65	7577000
493.66	7581000
493.67	7584000
493.68	7588000
493.69	7591000
493.7	7595000
493.71	7598000
493.72	7602000
493.73	7605000
493.74	7609000
493.75	7612000
493.76	7616000
493.77	7619000
493.78	7623000
493.79	7626000
493.8	7630000
493.81	7633000
493.82	7637000
493.83	7640000
493.84	7644000
493.85	7647000
493.86	7651000
493.87	7654000
493.88	7658000
493.89	7661000
493.9	7665000
493.91	7668000
493.92	7672000
493.93	7675000
493.94	7679000
493.95	7682000
493.96	7686000
493.97	7689000
493.98	7693000
493.99	7696000
494	7700000
494.01	7704000
494.02	7708000
494.03	7712000
494.04	7716000
494.05	7720000
494.06	7724000
494.07	7728000
494.08	7732000
494.09	7736000
494.1	7740000
494.11	7744000
494.12	7748000
494.13	7752000
494.14	7756000
494.15	7760000
494.16	7764000
494.17	7768000
494.18	7772000
494.19	7776000
494.2	7780000
494.21	7784000
494.22	7788000
494.23	7792000
494.24	7796000
494.25	7800000
494.26	7804000
494.27	7808000
494.28	7812000
494.29	7816000
494.3	7820000
494.31	7824000
494.32	7828000
494.33	7832000
494.34	7836000
494.35	7840000
494.36	7844000
494.37	7848000
494.38	7852000
494.39	7856000
494.4	7860000
494.41	7864000
494.42	7868000
494.43	7872000
494.44	7876000
494.45	7880000
494.46	7884000
494.47	7888000
494.48	7892000
494.49	7896000
494.5	7900000
494.51	7904000
494.52	7908000
494.53	7912000
494.54	7916000
494.55	7920000
494.56	7924000
494.57	7928000
494.58	7932000
494.59	7936000
494.6	7940000
494.61	7944000
494.62	7948000
494.63	7952000
494.64	7956000
494.65	7960000
494.66	7964000
494.67	7968000
494.68	7972000
494.69	7976000
494.7	7980000
494.71	7984000
494.72	7988000
494.73	7992000
494.74	7996000
494.75	8000000
494.76	8004000
494.77	8008000
494.78	8012000
494.79	8016000
494.8	8020000
494.81	8024000
494.82	8028000
494.83	8032000
494.84	8036000
494.85	8040000
494.86	8044000
494.87	8048000
494.88	8052000
494.89	8056000
494.9	8060000
494.91	8064000
494.92	8068000
494.93	8072000
494.94	8076000
494.95	8080000
494.96	8084000
494.97	8088000
494.98	8092000
494.99	8096000
495	8100000
495.01	8104000
495.02	8108000
495.03	8112000
495.04	8116000
495.05	8120000
495.06	8124000
495.07	8128000
495.08	8132000
495.09	8136000
495.1	8140000
495.11	8144000
495.12	8148000
495.13	8152000
495.14	8156000
495.15	8160000
495.16	8164000
495.17	8168000
495.18	8172000
495.19	8176000
495.2	8180000
495.21	8184000
495.22	8188000
495.23	8192000
495.24	8196000
495.25	8200000
495.26	8204000
495.27	8208000
495.28	8212000
495.29	8216000
495.3	8220000
495.31	8224000
495.32	8228000
495.33	8232000
495.34	8236000
495.35	8240000
495.36	8244000
495.37	8248000
495.38	8252000
495.39	8256000
495.4	8260000
495.41	8264000
495.42	8268000
495.43	8272000
495.44	8276000
495.45	8280000
495.46	8284000
495.47	8288000
495.48	8292000
495.49	8296000
495.5	8300000
495.51	8304000
495.52	8308000
495.53	8312000
495.54	8316000
495.55	8320000
495.56	8324000
495.57	8328000
495.58	8332000
495.59	8336000
495.6	8340000
495.61	8344000
495.62	8348000
495.63	8352000
495.64	8356000
495.65	8360000
495.66	8364000
495.67	8368000
495.68	8372000
495.69	8376000
495.7	8380000
495.71	8384000
495.72	8388000
495.73	8392000
495.74	8396000
495.75	8400000
495.76	8404000
495.77	8408000
495.78	8412000
495.79	8416000
495.8	8420000
495.81	8424000
495.82	8428000
495.83	8432000
495.84	8436000
495.85	8440000
495.86	8444000
495.87	8448000
495.88	8452000
495.89	8456000
495.9	8460000
495.91	8464000
495.92	8468000
495.93	8472000
495.94	8476000
495.95	8480000
495.96	8484000
495.97	8488000
495.98	8492000
495.99	8496000
496	8500000
496.01	8504000
496.02	8508000
496.03	8512000
496.04	8516000
496.05	8520000
496.06	8524000
496.07	8528000
496.08	8532000
496.09	8536000
496.1	8540000
496.11	8544000
496.12	8548000
496.13	8552000
496.14	8556000
496.15	8560000
496.16	8564000
496.17	8568000
496.18	8572000
496.19	8576000
496.2	8580000
496.21	8584000
496.22	8588000
496.23	8592000
496.24	8596000
496.25	8600000
496.26	8604000
496.27	8608000
496.28	8612000
496.29	8616000
496.3	8620000
496.31	8624000
496.32	8628000
496.33	8632000
496.34	8636000
496.35	8640000
496.36	8644000
496.37	8648000
496.38	8652000
496.39	8656000
496.4	8660000
496.41	8664000
496.42	8668000
496.43	8672000
496.44	8676000
496.45	8680000
496.46	8684000
496.47	8688000
496.48	8692000
496.49	8696000
496.5	8700000
496.51	8704000
496.52	8708000
496.53	8712000
496.54	8716000
496.55	8720000
496.56	8724000
496.57	8728000
496.58	8732000
496.59	8736000
496.6	8740000
496.61	8744000
496.62	8748000
496.63	8752000
496.64	8756000
496.65	8760000
496.66	8764000
496.67	8768000
496.68	8772000
496.69	8776000
496.7	8780000
496.71	8784000
496.72	8788000
496.73	8792000
496.74	8796000
496.75	8800000
496.76	8804000
496.77	8808000
496.78	8812000
496.79	8816000
496.8	8820000
496.81	8824000
496.82	8828000
496.83	8832000
496.84	8836000
496.85	8840000
496.86	8844000
496.87	8848000
496.88	8852000
496.89	8856000
496.9	8860000
496.91	8864000
496.92	8868000
496.93	8872000
496.94	8876000
496.95	8880000
496.96	8884000
496.97	8888000
496.98	8892000
496.99	8896000
497	8900000
497.01	8904000
497.02	8908000
497.03	8912000
497.04	8916000
497.05	8920000
497.06	8924000
497.07	8928000
497.08	8932000
497.09	8936000
497.1	8940000
497.11	8944000
497.12	8948000
497.13	8952000
497.14	8956000
497.15	8960000
497.16	8964000
497.17	8968000
497.18	8972000
497.19	8976000
497.2	8980000
497.21	8984000
497.22	8988000
497.23	8992000
497.24	8996000
497.25	9000000
497.26	9004000
497.27	9008000
497.28	9012000
497.29	9016000
497.3	9020000
497.31	9024000
497.32	9028000
497.33	9032000
497.34	9036000
497.35	9040000
497.36	9044000
497.37	9048000
497.38	9052000
497.39	9056000
497.4	9060000
497.41	9064000
497.42	9068000
497.43	9072000
497.44	9076000
497.45	9080000
497.46	9084000
497.47	9088000
497.48	9092000
497.49	9096000
497.5	9100000
497.51	9104000
497.52	9108000
497.53	9112000
497.54	9116000
497.55	9120000
497.56	9124000
497.57	9128000
497.58	9132000
497.59	9136000
497.6	9140000
497.61	9144000
497.62	9148000
497.63	9152000
497.64	9156000
497.65	9160000
497.66	9164000
497.67	9168000
497.68	9172000
497.69	9176000
497.7	9180000
497.71	9184000
497.72	9188000
497.73	9192000
497.74	9196000
497.75	9200000
497.76	9204000
497.77	9208000
497.78	9212000
497.79	9216000
497.8	9220000
497.81	9224000
497.82	9228000
497.83	9232000
497.84	9236000
497.85	9240000
497.86	9244000
497.87	9248000
497.88	9252000
497.89	9256000
497.9	9260000
497.91	9264000
497.92	9268000
497.93	9272000
497.94	9276000
497.95	9280000
497.96	9284000
497.97	9288000
497.98	9292000
497.99	9296000
498	9300000
498.01	9304000
498.02	9309000
498.03	9313000
498.04	9318000
498.05	9322000
498.06	9327000
498.07	9331000
498.08	9336000
498.09	9340000
498.1	9345000
498.11	9349000
498.12	9354000
498.13	9358000
498.14	9363000
498.15	9367000
498.16	9372000
498.17	9376000
498.18	9381000
498.19	9385000
498.2	9390000
498.21	9394000
498.22	9399000
498.23	9403000
498.24	9408000
498.25	9412000
498.26	9417000
498.27	9421000
498.28	9426000
498.29	9430000
498.3	9435000
498.31	9439000
498.32	9444000
498.33	9448000
498.34	9453000
498.35	9457000
498.36	9462000
498.37	9466000
498.38	9471000
498.39	9475000
498.4	9480000
498.41	9484000
498.42	9489000
498.43	9493000
498.44	9498000
498.45	9502000
498.46	9507000
498.47	9511000
498.48	9516000
498.49	9520000
498.5	9525000
498.51	9529000
498.52	9534000
498.53	9538000
498.54	9543000
498.55	9547000
498.56	9552000
498.57	9556000
498.58	9561000
498.59	9565000
498.6	9570000
498.61	9574000
498.62	9579000
498.63	9583000
498.64	9588000
498.65	9592000
498.66	9597000
498.67	9601000
498.68	9606000
498.69	9610000
498.7	9615000
498.71	9619000
498.72	9624000
498.73	9628000
498.74	9633000
498.75	9637000
498.76	9642000
498.77	9646000
498.78	9651000
498.79	9655000
498.8	9660000
498.81	9664000
498.82	9669000
498.83	9673000
498.84	9678000
498.85	9682000
498.86	9687000
498.87	9691000
498.88	9696000
498.89	9700000
498.9	9705000
498.91	9709000
498.92	9714000
498.93	9718000
498.94	9723000
498.95	9727000
498.96	9732000
498.97	9736000
498.98	9741000
498.99	9745000
499	9750000
499.01	9755000
499.02	9760000
499.03	9765000
499.04	9770000
499.05	9775000
499.06	9780000
499.07	9785000
499.08	9790000
499.09	9795000
499.1	9800000
499.11	9805000
499.12	9810000
499.13	9815000
499.14	9820000
499.15	9825000
499.16	9830000
499.17	9835000
499.18	9840000
499.19	9845000
499.2	9850000
499.21	9855000
499.22	9860000
499.23	9865000
499.24	9870000
499.25	9875000
499.26	9880000
499.27	9885000
499.28	9890000
499.29	9895000
499.3	9900000
499.31	9905000
499.32	9910000
499.33	9915000
499.34	9920000
499.35	9925000
499.36	9930000
499.37	9935000
499.38	9940000
499.39	9945000
499.4	9950000
499.41	9955000
499.42	9960000
499.43	9965000
499.44	9970000
499.45	9975000
499.46	9980000
499.47	9985000
499.48	9990000
499.49	9995000
499.5	10000000
499.51	10005000
499.52	10010000
499.53	10015000
499.54	10020000
499.55	10025000
499.56	10030000
499.57	10035000
499.58	10040000
499.59	10045000
499.6	10050000
499.61	10055000
499.62	10060000
499.63	10065000
499.64	10070000
499.65	10075000
499.66	10080000
499.67	10085000
499.68	10090000
499.69	10095000
499.7	10100000
499.71	10105000
499.72	10110000
499.73	10115000
499.74	10120000
499.75	10125000
499.76	10130000
499.77	10135000
499.78	10140000
499.79	10145000
499.8	10150000
499.81	10155000
499.82	10160000
499.83	10165000
499.84	10170000
499.85	10175000
499.86	10180000
499.87	10185000
499.88	10190000
499.89	10195000
499.9	10200000
499.91	10205000
499.92	10210000
499.93	10215000
499.94	10220000
499.95	10225000
499.96	10230000
499.97	10235000
499.98	10240000
499.99	10245000
500	10250000
500.01	10255000
500.02	10260000
500.03	10265000
500.04	10270000
500.05	10275000
500.06	10280000
500.07	10285000
500.08	10290000
500.09	10295000
500.1	10300000
500.11	10305000
500.12	10310000
500.13	10315000
500.14	10320000
500.15	10325000
500.16	10330000
500.17	10335000
500.18	10340000
500.19	10345000
500.2	10350000
500.21	10355000
500.22	10360000
500.23	10365000
500.24	10370000
500.25	10375000
500.26	10380000
500.27	10385000
500.28	10390000
500.29	10395000
500.3	10400000
500.31	10405000
500.32	10410000
500.33	10415000
500.34	10420000
500.35	10425000
500.36	10430000
500.37	10435000
500.38	10440000
500.39	10445000
500.4	10450000
500.41	10455000
500.42	10460000
500.43	10465000
500.44	10470000
500.45	10475000
500.46	10480000
500.47	10485000
500.48	10490000
500.49	10495000
500.5	10500000
500.51	10505000
500.52	10510000
500.53	10515000
500.54	10520000
500.55	10525000
500.56	10530000
500.57	10535000
500.58	10540000
500.59	10545000
500.6	10550000
500.61	10555000
500.62	10560000
500.63	10565000
500.64	10570000
500.65	10575000
500.66	10580000
500.67	10585000
500.68	10590000
500.69	10595000
500.7	10600000
500.71	10605000
500.72	10610000
500.73	10615000
500.74	10620000
500.75	10625000
500.76	10630000
500.77	10635000
500.78	10640000
500.79	10645000
500.8	10650000
500.81	10655000
500.82	10660000
500.83	10665000
500.84	10670000
500.85	10675000
500.86	10680000
500.87	10685000
500.88	10690000
500.89	10695000
500.9	10700000
500.91	10705000
500.92	10710000
500.93	10715000
500.94	10720000
500.95	10725000
500.96	10730000
500.97	10735000
500.98	10740000
500.99	10745000
501	10750000
501.01	10755000
501.02	10760000
501.03	10765000
501.04	10770000
501.05	10775000
501.06	10780000
501.07	10785000
501.08	10790000
501.09	10795000
501.1	10800000
501.11	10805000
501.12	10810000
501.13	10815000
501.14	10820000
501.15	10825000
501.16	10830000
501.17	10835000
501.18	10840000
501.19	10845000
501.2	10850000
501.21	10855000
501.22	10860000
501.23	10865000
501.24	10870000
501.25	10875000
501.26	10880000
501.27	10885000
501.28	10890000
501.29	10895000
501.3	10900000
501.31	10905000
501.32	10910000
501.33	10915000
501.34	10920000
501.35	10925000
501.36	10930000
501.37	10935000
501.38	10940000
501.39	10945000
501.4	10950000
501.41	10955000
501.42	10960000
501.43	10965000
501.44	10970000
501.45	10975000
501.46	10980000
501.47	10985000
501.48	10990000
501.49	10995000
501.5	11000000
501.51	11005000
501.52	11010000
501.53	11015000
501.54	11020000
501.55	11025000
501.56	11030000
501.57	11035000
501.58	11040000
501.59	11045000
501.6	11050000
501.61	11055000
501.62	11060000
501.63	11065000
501.64	11070000
501.65	11075000
501.66	11080000
501.67	11085000
501.68	11090000
501.69	11095000
501.7	11100000
501.71	11105000
501.72	11110000
501.73	11115000
501.74	11120000
501.75	11125000
501.76	11130000
501.77	11135000
501.78	11140000
501.79	11145000
501.8	11150000
501.81	11155000
501.82	11160000
501.83	11165000
501.84	11170000
501.85	11175000
501.86	11180000
501.87	11185000
501.88	11190000
501.89	11195000
501.9	11200000
501.91	11205000
501.92	11210000
501.93	11215000
501.94	11220000
501.95	11225000
501.96	11230000
501.97	11235000
501.98	11240000
501.99	11245000
502	11250000
502.01	11255000
502.02	11260000
502.03	11265000
502.04	11270000
502.05	11275000
502.06	11280000
502.07	11285000
502.08	11290000
502.09	11295000
502.1	11300000
502.11	11305000
502.12	11310000
502.13	11315000
502.14	11320000
502.15	11325000
502.16	11330000
502.17	11335000
502.18	11340000
502.19	11345000
502.2	11350000
502.21	11355000
502.22	11360000
502.23	11365000
502.24	11370000
502.25	11375000
502.26	11380000
502.27	11385000
502.28	11390000
502.29	11395000
502.3	11400000
502.31	11405000
502.32	11410000
502.33	11415000
502.34	11420000
502.35	11425000
502.36	11430000
502.37	11435000
502.38	11440000
502.39	11445000
502.4	11450000
502.41	11455000
502.42	11460000
502.43	11465000
502.44	11470000
502.45	11475000
502.46	11480000
502.47	11485000
502.48	11490000
502.49	11495000
502.5	11500000
502.51	11505000
502.52	11510000
502.53	11515000
502.54	11520000
502.55	11525000
502.56	11530000
502.57	11535000
502.58	11540000
502.59	11545000
502.6	11550000
502.61	11555000
502.62	11560000
502.63	11565000
502.64	11570000
502.65	11575000
502.66	11580000
502.67	11585000
502.68	11590000
502.69	11595000
502.7	11600000
502.71	11605000
502.72	11610000
502.73	11615000
502.74	11620000
502.75	11625000
502.76	11630000
502.77	11635000
502.78	11640000
502.79	11645000
502.8	11650000
502.81	11655000
502.82	11660000
502.83	11665000
502.84	11670000
502.85	11675000
502.86	11680000
502.87	11685000
502.88	11690000
502.89	11695000
502.9	11700000
502.91	11705000
502.92	11710000
502.93	11715000
502.94	11720000
502.95	11725000
502.96	11730000
502.97	11735000
502.98	11740000
502.99	11745000
503	11750000
503.01	11755000
503.02	11761000
503.03	11766000
503.04	11772000
503.05	11777000
503.06	11783000
503.07	11788000
503.08	11794000
503.09	11799000
503.1	11805000
503.11	11810000
503.12	11816000
503.13	11821000
503.14	11827000
503.15	11832000
503.16	11838000
503.17	11843000
503.18	11849000
503.19	11854000
503.2	11860000
503.21	11865000
503.22	11871000
503.23	11876000
503.24	11882000
503.25	11887000
503.26	11893000
503.27	11898000
503.28	11904000
503.29	11909000
503.3	11915000
503.31	11920000
503.32	11926000
503.33	11931000
503.34	11937000
503.35	11942000
503.36	11948000
503.37	11953000
503.38	11959000
503.39	11964000
503.4	11970000
503.41	11975000
503.42	11981000
503.43	11986000
503.44	11992000
503.45	11997000
503.46	12003000
503.47	12008000
503.48	12014000
503.49	12019000
503.5	12025000
503.51	12030000
503.52	12036000
503.53	12041000
503.54	12047000
503.55	12052000
503.56	12058000
503.57	12063000
503.58	12069000
503.59	12074000
503.6	12080000
503.61	12085000
503.62	12091000
503.63	12096000
503.64	12102000
503.65	12107000
503.66	12113000
503.67	12118000
503.68	12124000
503.69	12129000
503.7	12135000
503.71	12140000
503.72	12146000
503.73	12151000
503.74	12157000
503.75	12162000
503.76	12168000
503.77	12173000
503.78	12179000
503.79	12184000
503.8	12190000
503.81	12195000
503.82	12201000
503.83	12206000
503.84	12212000
503.85	12217000
503.86	12223000
503.87	12228000
503.88	12234000
503.89	12239000
503.9	12245000
503.91	12250000
503.92	12256000
503.93	12261000
503.94	12267000
503.95	12272000
503.96	12278000
503.97	12283000
503.98	12289000
503.99	12294000
504	12300000
504.01	12305000
504.02	12311000
504.03	12316000
504.04	12322000
504.05	12327000
504.06	12333000
504.07	12338000
504.08	12344000
504.09	12349000
504.1	12355000
504.11	12360000
504.12	12366000
504.13	12371000
504.14	12377000
504.15	12382000
504.16	12388000
504.17	12393000
504.18	12399000
504.19	12404000
504.2	12410000
504.21	12415000
504.22	12421000
504.23	12426000
504.24	12432000
504.25	12437000
504.26	12443000
504.27	12448000
504.28	12454000
504.29	12459000
504.3	12465000
504.31	12470000
504.32	12476000
504.33	12481000
504.34	12487000
504.35	12492000
504.36	12498000
504.37	12503000
504.38	12509000
504.39	12514000
504.4	12520000
504.41	12525000
504.42	12531000
504.43	12536000
504.44	12542000
504.45	12547000
504.46	12553000
504.47	12558000
504.48	12564000
504.49	12569000
504.5	12575000
504.51	12580000
504.52	12586000
504.53	12591000
504.54	12597000
504.55	12602000
504.56	12608000
504.57	12613000
504.58	12619000
504.59	12624000
504.6	12630000
504.61	12635000
504.62	12641000
504.63	12646000
504.64	12652000
504.65	12657000
504.66	12663000
504.67	12668000
504.68	12674000
504.69	12679000
504.7	12685000
504.71	12690000
504.72	12696000
504.73	12701000
504.74	12707000
504.75	12712000
504.76	12718000
504.77	12723000
504.78	12729000
504.79	12734000
504.8	12740000
504.81	12745000
504.82	12751000
504.83	12756000
504.84	12762000
504.85	12767000
504.86	12773000
504.87	12778000
504.88	12784000
504.89	12789000
504.9	12795000
504.91	12800000
504.92	12806000
504.93	12811000
504.94	12817000
504.95	12822000
504.96	12828000
504.97	12833000
504.98	12839000
504.99	12844000
505	12850000
505.01	12855000
505.02	12861000
505.03	12866000
505.04	12872000
505.05	12877000
505.06	12883000
505.07	12888000
505.08	12894000
505.09	12899000
505.1	12905000
505.11	12910000
505.12	12916000
505.13	12921000
505.14	12927000
505.15	12932000
505.16	12938000
505.17	12943000
505.18	12949000
505.19	12954000
505.2	12960000
505.21	12965000
505.22	12971000
505.23	12976000
505.24	12982000
505.25	12987000
505.26	12993000
505.27	12998000
505.28	13004000
505.29	13009000
505.3	13015000
505.31	13020000
505.32	13026000
505.33	13031000
505.34	13037000
505.35	13042000
505.36	13048000
505.37	13053000
505.38	13059000
505.39	13064000
505.4	13070000
505.41	13075000
505.42	13081000
505.43	13086000
505.44	13092000
505.45	13097000
505.46	13103000
505.47	13108000
505.48	13114000
505.49	13119000
505.5	13125000
505.51	13130000
505.52	13136000
505.53	13141000
505.54	13147000
505.55	13152000
505.56	13158000
505.57	13163000
505.58	13169000
505.59	13174000
505.6	13180000
505.61	13185000
505.62	13191000
505.63	13196000
505.64	13202000
505.65	13207000
505.66	13213000
505.67	13218000
505.68	13224000
505.69	13229000
505.7	13235000
505.71	13240000
505.72	13246000
505.73	13251000
505.74	13257000
505.75	13262000
505.76	13268000
505.77	13273000
505.78	13279000
505.79	13284000
505.8	13290000
505.81	13295000
505.82	13301000
505.83	13306000
505.84	13312000
505.85	13317000
505.86	13323000
505.87	13328000
505.88	13334000
505.89	13339000
505.9	13345000
505.91	13350000
505.92	13356000
505.93	13361000
505.94	13367000
505.95	13372000
505.96	13378000
505.97	13383000
505.98	13389000
505.99	13394000
506	13400000
506.01	13406000
506.02	13413000
506.03	13420000
506.04	13426000
506.05	13433000
506.06	13440000
506.07	13446000
506.08	13453000
506.09	13460000
506.1	13467000
506.11	13473000
506.12	13480000
506.13	13487000
506.14	13493000
506.15	13500000
506.16	13507000
506.17	13513000
506.18	13520000
506.19	13527000
506.2	13534000
506.21	13540000
506.22	13547000
506.23	13554000
506.24	13560000
506.25	13567000
506.26	13574000
506.27	13580000
506.28	13587000
506.29	13594000
506.3	13601000
506.31	13607000
506.32	13614000
506.33	13621000
506.34	13627000
506.35	13634000
506.36	13641000
506.37	13647000
506.38	13654000
506.39	13661000
506.4	13668000
506.41	13674000
506.42	13681000
506.43	13688000
506.44	13694000
506.45	13701000
506.46	13708000
506.47	13714000
506.48	13721000
506.49	13728000
506.5	13735000
506.51	13741000
506.52	13748000
506.53	13755000
506.54	13761000
506.55	13768000
506.56	13775000
506.57	13781000
506.58	13788000
506.59	13795000
506.6	13802000
506.61	13808000
506.62	13815000
506.63	13822000
506.64	13828000
506.65	13835000
506.66	13842000
506.67	13848000
506.68	13855000
506.69	13862000
506.7	13869000
506.71	13875000
506.72	13882000
506.73	13889000
506.74	13895000
506.75	13902000
506.76	13909000
506.77	13915000
506.78	13922000
506.79	13929000
506.8	13936000
506.81	13942000
506.82	13949000
506.83	13956000
506.84	13962000
506.85	13969000
506.86	13976000
506.87	13982000
506.88	13989000
506.89	13996000
506.9	14003000
506.91	14009000
506.92	14016000
506.93	14023000
506.94	14029000
506.95	14036000
506.96	14043000
506.97	14049000
506.98	14056000
506.99	14063000
507	14070000
