296.50	0.00
296.51	0.00
296.52	0.00
296.53	0.00
296.54	1000.00
296.55	1000.00
296.56	1000.00
296.57	2000.00
296.58	2000.00
296.59	2000.00
296.60	3000.00
296.61	3000.00
296.62	3000.00
296.63	3000.00
296.64	4000.00
296.65	4000.00
296.66	4000.00
296.67	5000.00
296.68	5000.00
296.69	5000.00
296.70	5000.00
296.71	6000.00
296.72	6000.00
296.73	6000.00
296.74	7000.00
296.75	7000.00
296.76	7000.00
296.77	8000.00
296.78	8000.00
296.79	8000.00
296.80	8000.00
296.81	9000.00
296.82	9000.00
296.83	9000.00
296.84	10000.00
296.85	10000.00
296.86	10000.00
296.87	11000.00
296.88	11000.00
296.89	11000.00
296.90	11000.00
296.91	12000.00
296.92	12000.00
296.93	12000.00
296.94	13000.00
296.95	13000.00
296.96	13000.00
296.97	14000.00
296.98	14000.00
296.99	14000.00
297.00	15000.00
297.01	15000.00
297.02	15000.00
297.03	16000.00
297.04	16000.00
297.05	17000.00
297.06	17000.00
297.07	18000.00
297.08	18000.00
297.09	18000.00
297.10	19000.00
297.11	19000.00
297.12	20000.00
297.13	20000.00
297.14	21000.00
297.15	21000.00
297.16	21000.00
297.17	22000.00
297.18	22000.00
297.19	23000.00
297.20	23000.00
297.21	24000.00
297.22	24000.00
297.23	24000.00
297.24	25000.00
297.25	25000.00
297.26	26000.00
297.27	26000.00
297.28	27000.00
297.29	27000.00
297.30	27000.00
297.31	28000.00
297.32	28000.00
297.33	29000.00
297.34	29000.00
297.35	30000.00
297.36	30000.00
297.37	30000.00
297.38	31000.00
297.39	31000.00
297.40	32000.00
297.41	32000.00
297.42	33000.00
297.43	33000.00
297.44	33000.00
297.45	34000.00
297.46	34000.00
297.47	35000.00
297.48	35000.00
297.49	36000.00
297.50	36000.00
297.51	36000.00
297.52	37000.00
297.53	37000.00
297.54	38000.00
297.55	38000.00
297.56	39000.00
297.57	39000.00
297.58	39000.00
297.59	40000.00
297.60	40000.00
297.61	41000.00
297.62	41000.00
297.63	42000.00
297.64	42000.00
297.65	42000.00
297.66	43000.00
297.67	43000.00
297.68	44000.00
297.69	44000.00
297.70	45000.00
297.71	45000.00
297.72	45000.00
297.73	46000.00
297.74	46000.00
297.75	47000.00
297.76	47000.00
297.77	48000.00
297.78	48000.00
297.79	48000.00
297.80	49000.00
297.81	49000.00
297.82	50000.00
297.83	50000.00
297.84	51000.00
297.85	51000.00
297.86	51000.00
297.87	52000.00
297.88	52000.00
297.89	53000.00
297.90	53000.00
297.91	54000.00
297.92	54000.00
297.93	54000.00
297.94	55000.00
297.95	55000.00
297.96	56000.00
297.97	56000.00
297.98	57000.00
297.99	57000.00
298.00	58000.00
298.01	58000.00
298.02	59000.00
298.03	59000.00
298.04	60000.00
298.05	60000.00
298.06	61000.00
298.07	61000.00
298.08	62000.00
298.09	63000.00
298.10	63000.00
298.11	64000.00
298.12	64000.00
298.13	65000.00
298.14	65000.00
298.15	66000.00
298.16	66000.00
298.17	67000.00
298.18	68000.00
298.19	68000.00
298.20	69000.00
298.21	69000.00
298.22	70000.00
298.23	70000.00
298.24	71000.00
298.25	72000.00
298.26	72000.00
298.27	73000.00
298.28	73000.00
298.29	74000.00
298.30	74000.00
298.31	75000.00
298.32	75000.00
298.33	76000.00
298.34	77000.00
298.35	77000.00
298.36	78000.00
298.37	78000.00
298.38	79000.00
298.39	79000.00
298.40	80000.00
298.41	80000.00
298.42	81000.00
298.43	82000.00
298.44	82000.00
298.45	83000.00
298.46	83000.00
298.47	84000.00
298.48	84000.00
298.49	85000.00
298.50	86000.00
298.51	86000.00
298.52	87000.00
298.53	87000.00
298.54	88000.00
298.55	88000.00
298.56	89000.00
298.57	89000.00
298.58	90000.00
298.59	91000.00
298.60	91000.00
298.61	92000.00
298.62	92000.00
298.63	93000.00
298.64	93000.00
298.65	94000.00
298.66	94000.00
298.67	95000.00
298.68	96000.00
298.69	96000.00
298.70	97000.00
298.71	97000.00
298.72	98000.00
298.73	98000.00
298.74	99000.00
298.75	100000.00
298.76	100000.00
298.77	101000.00
298.78	101000.00
298.79	102000.00
298.80	102000.00
298.81	103000.00
298.82	103000.00
298.83	104000.00
298.84	105000.00
298.85	105000.00
298.86	106000.00
298.87	106000.00
298.88	107000.00
298.89	107000.00
298.90	108000.00
298.91	108000.00
298.92	109000.00
298.93	110000.00
298.94	110000.00
298.95	111000.00
298.96	111000.00
298.97	112000.00
298.98	112000.00
298.99	113000.00
299.00	114000.00
299.01	114000.00
299.02	115000.00
299.03	115000.00
299.04	116000.00
299.05	116000.00
299.06	117000.00
299.07	118000.00
299.08	118000.00
299.09	119000.00
299.10	119000.00
299.11	120000.00
299.12	121000.00
299.13	121000.00
299.14	122000.00
299.15	122000.00
299.16	123000.00
299.17	124000.00
299.18	124000.00
299.19	125000.00
299.20	125000.00
299.21	126000.00
299.22	126000.00
299.23	127000.00
299.24	128000.00
299.25	128000.00
299.26	129000.00
299.27	129000.00
299.28	130000.00
299.29	131000.00
299.30	131000.00
299.31	132000.00
299.32	132000.00
299.33	133000.00
299.34	134000.00
299.35	134000.00
299.36	135000.00
299.37	135000.00
299.38	136000.00
299.39	137000.00
299.40	137000.00
299.41	138000.00
299.42	138000.00
299.43	139000.00
299.44	139000.00
299.45	140000.00
299.46	141000.00
299.47	141000.00
299.48	142000.00
299.49	142000.00
299.50	143000.00
299.51	144000.00
299.52	144000.00
299.53	145000.00
299.54	145000.00
299.55	146000.00
299.56	147000.00
299.57	147000.00
299.58	148000.00
299.59	148000.00
299.60	149000.00
299.61	149000.00
299.62	150000.00
299.63	151000.00
299.64	151000.00
299.65	152000.00
299.66	152000.00
299.67	153000.00
299.68	154000.00
299.69	154000.00
299.70	155000.00
299.71	155000.00
299.72	156000.00
299.73	157000.00
299.74	157000.00
299.75	158000.00
299.76	158000.00
299.77	159000.00
299.78	160000.00
299.79	160000.00
299.80	161000.00
299.81	161000.00
299.82	162000.00
299.83	162000.00
299.84	163000.00
299.85	164000.00
299.86	164000.00
299.87	165000.00
299.88	165000.00
299.89	166000.00
299.90	167000.00
299.91	167000.00
299.92	168000.00
299.93	168000.00
299.94	169000.00
299.95	170000.00
299.96	170000.00
299.97	171000.00
299.98	171000.00
299.99	172000.00
300.00	173000.00
300.01	173000.00
300.02	174000.00
300.03	174000.00
300.04	175000.00
300.05	176000.00
300.06	176000.00
300.07	177000.00
300.08	177000.00
300.09	178000.00
300.10	179000.00
300.11	179000.00
300.12	180000.00
300.13	180000.00
300.14	181000.00
300.15	182000.00
300.16	182000.00
300.17	183000.00
300.18	183000.00
300.19	184000.00
300.20	185000.00
300.21	185000.00
300.22	186000.00
300.23	187000.00
300.24	187000.00
300.25	188000.00
300.26	188000.00
300.27	189000.00
300.28	190000.00
300.29	190000.00
300.30	191000.00
300.31	191000.00
300.32	192000.00
300.33	193000.00
300.34	193000.00
300.35	194000.00
300.36	194000.00
300.37	195000.00
300.38	196000.00
300.39	196000.00
300.40	197000.00
300.41	198000.00
300.42	198000.00
300.43	199000.00
300.44	199000.00
300.45	200000.00
300.46	201000.00
300.47	201000.00
300.48	202000.00
300.49	202000.00
300.50	203000.00
300.51	204000.00
300.52	204000.00
300.53	205000.00
300.54	205000.00
300.55	206000.00
300.56	207000.00
300.57	207000.00
300.58	208000.00
300.59	208000.00
300.60	209000.00
300.61	210000.00
300.62	210000.00
300.63	211000.00
300.64	212000.00
300.65	212000.00
300.66	213000.00
300.67	213000.00
300.68	214000.00
300.69	215000.00
300.70	215000.00
300.71	216000.00
300.72	216000.00
300.73	217000.00
300.74	218000.00
300.75	218000.00
300.76	219000.00
300.77	219000.00
300.78	220000.00
300.79	221000.00
300.80	221000.00
300.81	222000.00
300.82	223000.00
300.83	223000.00
300.84	224000.00
300.85	224000.00
300.86	225000.00
300.87	226000.00
300.88	226000.00
300.89	227000.00
300.90	227000.00
300.91	228000.00
300.92	229000.00
300.93	229000.00
300.94	230000.00
300.95	230000.00
300.96	231000.00
300.97	232000.00
300.98	232000.00
300.99	233000.00
301.00	234000.00
