13
Scandarello
Livello volume
845.3	0
845.31	1000
845.32	2000
845.33	4000
845.34	5000
845.35	6000
845.36	8000
845.37	9000
845.38	10000
845.39	12000
845.4	13000
845.41	14000
845.42	16000
845.43	17000
845.44	18000
845.45	20000
845.46	21000
845.47	23000
845.48	24000
845.49	25000
845.5	27000
845.51	28000
845.52	29000
845.53	31000
845.54	32000
845.55	33000
845.56	35000
845.57	36000
845.58	37000
845.59	39000
845.6	40000
845.61	42000
845.62	43000
845.63	44000
845.64	46000
845.65	47000
845.66	48000
845.67	50000
845.68	51000
845.69	52000
845.7	54000
845.71	55000
845.72	56000
845.73	58000
845.74	59000
845.75	61000
845.76	62000
845.77	63000
845.78	65000
845.79	66000
845.8	67000
845.81	69000
845.82	70000
845.83	71000
845.84	73000
845.85	74000
845.86	75000
845.87	77000
845.88	78000
845.89	80000
845.9	81000
845.91	82000
845.92	84000
845.93	85000
845.94	86000
845.95	88000
845.96	89000
845.97	90000
845.98	92000
845.99	93000
846	95000
846.01	96000
846.02	98000
846.03	100000
846.04	102000
846.05	104000
846.06	106000
846.07	108000
846.08	109000
846.09	111000
846.1	113000
846.11	115000
846.12	117000
846.13	119000
846.14	121000
846.15	123000
846.16	124000
846.17	126000
846.18	128000
846.19	130000
846.2	132000
846.21	134000
846.22	136000
846.23	138000
846.24	139000
846.25	141000
846.26	143000
846.27	145000
846.28	147000
846.29	149000
846.3	151000
846.31	152000
846.32	154000
846.33	156000
846.34	158000
846.35	160000
846.36	162000
846.37	164000
846.38	166000
846.39	167000
846.4	169000
846.41	171000
846.42	173000
846.43	175000
846.44	177000
846.45	179000
846.46	181000
846.47	182000
846.48	184000
846.49	186000
846.5	188000
846.51	190000
846.52	192000
846.53	194000
846.54	195000
846.55	197000
846.56	199000
846.57	201000
846.58	203000
846.59	205000
846.6	207000
846.61	209000
846.62	210000
846.63	212000
846.64	214000
846.65	216000
846.66	218000
846.67	220000
846.68	222000
846.69	224000
846.7	225000
846.71	227000
846.72	229000
846.73	231000
846.74	233000
846.75	235000
846.76	237000
846.77	238000
846.78	240000
846.79	242000
846.8	244000
846.81	246000
846.82	248000
846.83	250000
846.84	252000
846.85	253000
846.86	255000
846.87	257000
846.88	259000
846.89	261000
846.9	263000
846.91	265000
846.92	267000
846.93	268000
846.94	270000
846.95	272000
846.96	274000
846.97	276000
846.98	278000
846.99	280000
847	282000
847.01	284000
847.02	286000
847.03	288000
847.04	290000
847.05	293000
847.06	295000
847.07	297000
847.08	299000
847.09	302000
847.1	304000
847.11	306000
847.12	308000
847.13	310000
847.14	313000
847.15	315000
847.16	317000
847.17	319000
847.18	322000
847.19	324000
847.2	326000
847.21	328000
847.22	331000
847.23	333000
847.24	335000
847.25	337000
847.26	339000
847.27	342000
847.28	344000
847.29	346000
847.3	348000
847.31	351000
847.32	353000
847.33	355000
847.34	357000
847.35	360000
847.36	362000
847.37	364000
847.38	366000
847.39	368000
847.4	371000
847.41	373000
847.42	375000
847.43	377000
847.44	380000
847.45	382000
847.46	384000
847.47	386000
847.48	389000
847.49	391000
847.5	393000
847.51	395000
847.52	397000
847.53	400000
847.54	402000
847.55	404000
847.56	406000
847.57	409000
847.58	411000
847.59	413000
847.6	415000
847.61	418000
847.62	420000
847.63	422000
847.64	424000
847.65	426000
847.66	429000
847.67	431000
847.68	433000
847.69	435000
847.7	438000
847.71	440000
847.72	442000
847.73	444000
847.74	447000
847.75	449000
847.76	451000
847.77	453000
847.78	455000
847.79	458000
847.8	460000
847.81	462000
847.82	464000
847.83	467000
847.84	469000
847.85	471000
847.86	473000
847.87	476000
847.88	478000
847.89	480000
847.9	482000
847.91	484000
847.92	487000
847.93	489000
847.94	491000
847.95	493000
847.96	496000
847.97	498000
847.98	500000
847.99	502000
848	505000
848.01	507000
848.02	509000
848.03	512000
848.04	514000
848.05	516000
848.06	519000
848.07	521000
848.08	523000
848.09	526000
848.1	528000
848.11	530000
848.12	533000
848.13	535000
848.14	537000
848.15	540000
848.16	542000
848.17	544000
848.18	547000
848.19	549000
848.2	551000
848.21	554000
848.22	556000
848.23	559000
848.24	561000
848.25	563000
848.26	566000
848.27	568000
848.28	570000
848.29	573000
848.3	575000
848.31	577000
848.32	580000
848.33	582000
848.34	584000
848.35	587000
848.36	589000
848.37	591000
848.38	594000
848.39	596000
848.4	598000
848.41	601000
848.42	603000
848.43	606000
848.44	608000
848.45	610000
848.46	613000
848.47	615000
848.48	617000
848.49	620000
848.5	622000
848.51	624000
848.52	627000
848.53	629000
848.54	631000
848.55	634000
848.56	636000
848.57	638000
848.58	641000
848.59	643000
848.6	645000
848.61	648000
848.62	650000
848.63	653000
848.64	655000
848.65	657000
848.66	660000
848.67	662000
848.68	664000
848.69	667000
848.7	669000
848.71	671000
848.72	674000
848.73	676000
848.74	678000
848.75	681000
848.76	683000
848.77	685000
848.78	688000
848.79	690000
848.8	692000
848.81	695000
848.82	697000
848.83	700000
848.84	702000
848.85	704000
848.86	707000
848.87	709000
848.88	711000
848.89	714000
848.9	716000
848.91	718000
848.92	721000
848.93	723000
848.94	725000
848.95	728000
848.96	730000
848.97	732000
848.98	735000
848.99	737000
849	740000
849.01	742000
849.02	745000
849.03	747000
849.04	750000
849.05	752000
849.06	755000
849.07	757000
849.08	760000
849.09	762000
849.1	765000
849.11	767000
849.12	770000
849.13	772000
849.14	775000
849.15	777000
849.16	780000
849.17	782000
849.18	785000
849.19	787000
849.2	790000
849.21	792000
849.22	795000
849.23	797000
849.24	800000
849.25	802000
849.26	805000
849.27	807000
849.28	810000
849.29	812000
849.3	815000
849.31	817000
849.32	820000
849.33	822000
849.34	825000
849.35	827000
849.36	830000
849.37	832000
849.38	835000
849.39	837000
849.4	840000
849.41	842000
849.42	845000
849.43	847000
849.44	850000
849.45	852000
849.46	855000
849.47	857000
849.48	860000
849.49	862000
849.5	865000
849.51	867000
849.52	870000
849.53	872000
849.54	875000
849.55	877000
849.56	880000
849.57	882000
849.58	885000
849.59	887000
849.6	890000
849.61	892000
849.62	895000
849.63	897000
849.64	900000
849.65	902000
849.66	905000
849.67	907000
849.68	910000
849.69	912000
849.7	915000
849.71	917000
849.72	920000
849.73	922000
849.74	925000
849.75	927000
849.76	930000
849.77	932000
849.78	935000
849.79	937000
849.8	940000
849.81	942000
849.82	945000
849.83	947000
849.84	950000
849.85	952000
849.86	955000
849.87	957000
849.88	960000
849.89	962000
849.9	965000
849.91	967000
849.92	970000
849.93	972000
849.94	975000
849.95	977000
849.96	980000
849.97	982000
849.98	985000
849.99	987000
850	990000
850.01	992000
850.02	995000
850.03	998000
850.04	1000000
850.05	1003000
850.06	1006000
850.07	1008000
850.08	1011000
850.09	1014000
850.1	1016000
850.11	1019000
850.12	1022000
850.13	1024000
850.14	1027000
850.15	1030000
850.16	1032000
850.17	1035000
850.18	1038000
850.19	1040000
850.2	1043000
850.21	1046000
850.22	1048000
850.23	1051000
850.24	1054000
850.25	1056000
850.26	1059000
850.27	1062000
850.28	1064000
850.29	1067000
850.3	1070000
850.31	1072000
850.32	1075000
850.33	1078000
850.34	1080000
850.35	1083000
850.36	1086000
850.37	1088000
850.38	1091000
850.39	1094000
850.4	1096000
850.41	1099000
850.42	1102000
850.43	1104000
850.44	1107000
850.45	1110000
850.46	1112000
850.47	1115000
850.48	1118000
850.49	1120000
850.5	1123000
850.51	1126000
850.52	1128000
850.53	1131000
850.54	1134000
850.55	1136000
850.56	1139000
850.57	1142000
850.58	1144000
850.59	1147000
850.6	1150000
850.61	1152000
850.62	1155000
850.63	1158000
850.64	1160000
850.65	1163000
850.66	1166000
850.67	1168000
850.68	1171000
850.69	1174000
850.7	1176000
850.71	1179000
850.72	1182000
850.73	1184000
850.74	1187000
850.75	1190000
850.76	1192000
850.77	1195000
850.78	1198000
850.79	1200000
850.8	1203000
850.81	1206000
850.82	1208000
850.83	1211000
850.84	1214000
850.85	1216000
850.86	1219000
850.87	1222000
850.88	1224000
850.89	1227000
850.9	1230000
850.91	1232000
850.92	1235000
850.93	1238000
850.94	1240000
850.95	1243000
850.96	1246000
850.97	1248000
850.98	1251000
850.99	1254000
851	1257000
851.01	1259000
851.02	1262000
851.03	1265000
851.04	1268000
851.05	1270000
851.06	1273000
851.07	1276000
851.08	1279000
851.09	1282000
851.1	1284000
851.11	1287000
851.12	1290000
851.13	1293000
851.14	1295000
851.15	1298000
851.16	1301000
851.17	1304000
851.18	1307000
851.19	1309000
851.2	1312000
851.21	1315000
851.22	1318000
851.23	1320000
851.24	1323000
851.25	1326000
851.26	1329000
851.27	1332000
851.28	1334000
851.29	1337000
851.3	1340000
851.31	1343000
851.32	1345000
851.33	1348000
851.34	1351000
851.35	1354000
851.36	1357000
851.37	1359000
851.38	1362000
851.39	1365000
851.4	1368000
851.41	1370000
851.42	1373000
851.43	1376000
851.44	1379000
851.45	1382000
851.46	1384000
851.47	1387000
851.48	1390000
851.49	1393000
851.5	1395000
851.51	1398000
851.52	1401000
851.53	1404000
851.54	1407000
851.55	1409000
851.56	1412000
851.57	1415000
851.58	1418000
851.59	1421000
851.6	1423000
851.61	1426000
851.62	1429000
851.63	1432000
851.64	1434000
851.65	1437000
851.66	1440000
851.67	1443000
851.68	1446000
851.69	1448000
851.7	1451000
851.71	1454000
851.72	1457000
851.73	1459000
851.74	1462000
851.75	1465000
851.76	1468000
851.77	1471000
851.78	1473000
851.79	1476000
851.8	1479000
851.81	1482000
851.82	1484000
851.83	1487000
851.84	1490000
851.85	1493000
851.86	1496000
851.87	1498000
851.88	1501000
851.89	1504000
851.9	1507000
851.91	1509000
851.92	1512000
851.93	1515000
851.94	1518000
851.95	1521000
851.96	1523000
851.97	1526000
851.98	1529000
851.99	1532000
852	1535000
852.01	1537000
852.02	1540000
852.03	1543000
852.04	1546000
852.05	1549000
852.06	1552000
852.07	1555000
852.08	1558000
852.09	1561000
852.1	1564000
852.11	1567000
852.12	1570000
852.13	1573000
852.14	1576000
852.15	1579000
852.16	1582000
852.17	1585000
852.18	1588000
852.19	1591000
852.2	1594000
852.21	1596000
852.22	1599000
852.23	1602000
852.24	1605000
852.25	1608000
852.26	1611000
852.27	1614000
852.28	1617000
852.29	1620000
852.3	1623000
852.31	1626000
852.32	1629000
852.33	1632000
852.34	1635000
852.35	1638000
852.36	1641000
852.37	1644000
852.38	1647000
852.39	1650000
852.4	1653000
852.41	1655000
852.42	1658000
852.43	1661000
852.44	1664000
852.45	1667000
852.46	1670000
852.47	1673000
852.48	1676000
852.49	1679000
852.5	1682000
852.51	1685000
852.52	1688000
852.53	1691000
852.54	1694000
852.55	1697000
852.56	1700000
852.57	1703000
852.58	1706000
852.59	1709000
852.6	1711000
852.61	1714000
852.62	1717000
852.63	1720000
852.64	1723000
852.65	1726000
852.66	1729000
852.67	1732000
852.68	1735000
852.69	1738000
852.7	1741000
852.71	1744000
852.72	1747000
852.73	1750000
852.74	1753000
852.75	1756000
852.76	1759000
852.77	1762000
852.78	1765000
852.79	1768000
852.8	1770000
852.81	1773000
852.82	1776000
852.83	1779000
852.84	1782000
852.85	1785000
852.86	1788000
852.87	1791000
852.88	1794000
852.89	1797000
852.9	1800000
852.91	1803000
852.92	1806000
852.93	1809000
852.94	1812000
852.95	1815000
852.96	1818000
852.97	1821000
852.98	1824000
852.99	1827000
853	1830000
853.01	1833000
853.02	1836000
853.03	1840000
853.04	1843000
853.05	1847000
853.06	1850000
853.07	1853000
853.08	1857000
853.09	1860000
853.1	1864000
853.11	1867000
853.12	1870000
853.13	1874000
853.14	1877000
853.15	1881000
853.16	1884000
853.17	1887000
853.18	1891000
853.19	1894000
853.2	1898000
853.21	1901000
853.22	1904000
853.23	1908000
853.24	1911000
853.25	1914000
853.26	1918000
853.27	1921000
853.28	1925000
853.29	1928000
853.3	1931000
853.31	1935000
853.32	1938000
853.33	1942000
853.34	1945000
853.35	1948000
853.36	1952000
853.37	1955000
853.38	1959000
853.39	1962000
853.4	1965000
853.41	1969000
853.42	1972000
853.43	1976000
853.44	1979000
853.45	1982000
853.46	1986000
853.47	1989000
853.48	1993000
853.49	1996000
853.5	1999000
853.51	2003000
853.52	2006000
853.53	2010000
853.54	2013000
853.55	2016000
853.56	2020000
853.57	2023000
853.58	2027000
853.59	2030000
853.6	2033000
853.61	2037000
853.62	2040000
853.63	2044000
853.64	2047000
853.65	2050000
853.66	2054000
853.67	2057000
853.68	2061000
853.69	2064000
853.7	2067000
853.71	2071000
853.72	2074000
853.73	2078000
853.74	2081000
853.75	2084000
853.76	2088000
853.77	2091000
853.78	2095000
853.79	2098000
853.8	2102000
853.81	2105000
853.82	2108000
853.83	2112000
853.84	2115000
853.85	2119000
853.86	2122000
853.87	2125000
853.88	2129000
853.89	2132000
853.9	2136000
853.91	2139000
853.92	2142000
853.93	2146000
853.94	2149000
853.95	2153000
853.96	2156000
853.97	2159000
853.98	2163000
853.99	2166000
854	2170000
854.01	2173000
854.02	2177000
854.03	2180000
854.04	2184000
854.05	2188000
854.06	2191000
854.07	2195000
854.08	2198000
854.09	2202000
854.1	2206000
854.11	2209000
854.12	2213000
854.13	2217000
854.14	2220000
854.15	2224000
854.16	2227000
854.17	2231000
854.18	2235000
854.19	2238000
854.2	2242000
854.21	2246000
854.22	2249000
854.23	2253000
854.24	2256000
854.25	2260000
854.26	2264000
854.27	2267000
854.28	2271000
854.29	2274000
854.3	2278000
854.31	2282000
854.32	2285000
854.33	2289000
854.34	2293000
854.35	2296000
854.36	2300000
854.37	2303000
854.38	2307000
854.39	2311000
854.4	2314000
854.41	2318000
854.42	2322000
854.43	2325000
854.44	2329000
854.45	2332000
854.46	2336000
854.47	2340000
854.48	2343000
854.49	2347000
854.5	2350000
854.51	2354000
854.52	2358000
854.53	2361000
854.54	2365000
854.55	2369000
854.56	2372000
854.57	2376000
854.58	2379000
854.59	2383000
854.6	2387000
854.61	2390000
854.62	2394000
854.63	2398000
854.64	2401000
854.65	2405000
854.66	2408000
854.67	2412000
854.68	2416000
854.69	2419000
854.7	2423000
854.71	2427000
854.72	2430000
854.73	2434000
854.74	2437000
854.75	2441000
854.76	2445000
854.77	2448000
854.78	2452000
854.79	2455000
854.8	2459000
854.81	2463000
854.82	2466000
854.83	2470000
854.84	2474000
854.85	2477000
854.86	2481000
854.87	2484000
854.88	2488000
854.89	2492000
854.9	2495000
854.91	2499000
854.92	2503000
854.93	2506000
854.94	2510000
854.95	2513000
854.96	2517000
854.97	2521000
854.98	2524000
854.99	2528000
855	2532000
855.01	2535000
855.02	2539000
855.03	2543000
855.04	2547000
855.05	2551000
855.06	2555000
855.07	2559000
855.08	2563000
855.09	2566000
855.1	2570000
855.11	2574000
855.12	2578000
855.13	2582000
855.14	2586000
855.15	2590000
855.16	2594000
855.17	2597000
855.18	2601000
855.19	2605000
855.2	2609000
855.21	2613000
855.22	2617000
855.23	2621000
855.24	2625000
855.25	2628000
855.26	2632000
855.27	2636000
855.28	2640000
855.29	2644000
855.3	2648000
855.31	2652000
855.32	2656000
855.33	2660000
855.34	2663000
855.35	2667000
855.36	2671000
855.37	2675000
855.38	2679000
855.39	2683000
855.4	2687000
855.41	2691000
855.42	2694000
855.43	2698000
855.44	2702000
855.45	2706000
855.46	2710000
855.47	2714000
855.48	2718000
855.49	2722000
855.5	2725000
855.51	2729000
855.52	2733000
855.53	2737000
855.54	2741000
855.55	2745000
855.56	2749000
855.57	2753000
855.58	2757000
855.59	2760000
855.6	2764000
855.61	2768000
855.62	2772000
855.63	2776000
855.64	2780000
855.65	2784000
855.66	2788000
855.67	2791000
855.68	2795000
855.69	2799000
855.7	2803000
855.71	2807000
855.72	2811000
855.73	2815000
855.74	2819000
855.75	2823000
855.76	2826000
855.77	2830000
855.78	2834000
855.79	2838000
855.8	2842000
855.81	2846000
855.82	2850000
855.83	2854000
855.84	2857000
855.85	2861000
855.86	2865000
855.87	2869000
855.88	2873000
855.89	2877000
855.9	2881000
855.91	2885000
855.92	2888000
855.93	2892000
855.94	2896000
855.95	2900000
855.96	2904000
855.97	2908000
855.98	2912000
855.99	2916000
856	2920000
856.01	2924000
856.02	2928000
856.03	2932000
856.04	2937000
856.05	2941000
856.06	2945000
856.07	2949000
856.08	2954000
856.09	2958000
856.1	2962000
856.11	2966000
856.12	2971000
856.13	2975000
856.14	2979000
856.15	2983000
856.16	2988000
856.17	2992000
856.18	2996000
856.19	3000000
856.2	3005000
856.21	3009000
856.22	3013000
856.23	3017000
856.24	3022000
856.25	3026000
856.26	3030000
856.27	3034000
856.28	3039000
856.29	3043000
856.3	3047000
856.31	3051000
856.32	3056000
856.33	3060000
856.34	3064000
856.35	3068000
856.36	3073000
856.37	3077000
856.38	3081000
856.39	3085000
856.4	3090000
856.41	3094000
856.42	3098000
856.43	3102000
856.44	3107000
856.45	3111000
856.46	3115000
856.47	3119000
856.48	3124000
856.49	3128000
856.5	3132000
856.51	3136000
856.52	3141000
856.53	3145000
856.54	3149000
856.55	3153000
856.56	3158000
856.57	3162000
856.58	3166000
856.59	3170000
856.6	3175000
856.61	3179000
856.62	3183000
856.63	3187000
856.64	3192000
856.65	3196000
856.66	3200000
856.67	3204000
856.68	3209000
856.69	3213000
856.7	3217000
856.71	3221000
856.72	3226000
856.73	3230000
856.74	3234000
856.75	3238000
856.76	3243000
856.77	3247000
856.78	3251000
856.79	3255000
856.8	3260000
856.81	3264000
856.82	3268000
856.83	3272000
856.84	3277000
856.85	3281000
856.86	3285000
856.87	3289000
856.88	3294000
856.89	3298000
856.9	3302000
856.91	3306000
856.92	3311000
856.93	3315000
856.94	3319000
856.95	3323000
856.96	3328000
856.97	3332000
856.98	3336000
856.99	3340000
857	3345000
857.01	3349000
857.02	3354000
857.03	3358000
857.04	3363000
857.05	3367000
857.06	3372000
857.07	3376000
857.08	3381000
857.09	3385000
857.1	3390000
857.11	3394000
857.12	3399000
857.13	3403000
857.14	3408000
857.15	3412000
857.16	3417000
857.17	3421000
857.18	3426000
857.19	3430000
857.2	3435000
857.21	3439000
857.22	3444000
857.23	3448000
857.24	3453000
857.25	3457000
857.26	3462000
857.27	3466000
857.28	3471000
857.29	3475000
857.3	3480000
857.31	3484000
857.32	3489000
857.33	3493000
857.34	3498000
857.35	3502000
857.36	3507000
857.37	3511000
857.38	3516000
857.39	3520000
857.4	3525000
857.41	3529000
857.42	3534000
857.43	3538000
857.44	3543000
857.45	3547000
857.46	3552000
857.47	3556000
857.48	3561000
857.49	3565000
857.5	3570000
857.51	3574000
857.52	3579000
857.53	3583000
857.54	3588000
857.55	3592000
857.56	3597000
857.57	3601000
857.58	3606000
857.59	3610000
857.6	3615000
857.61	3619000
857.62	3624000
857.63	3628000
857.64	3633000
857.65	3637000
857.66	3642000
857.67	3646000
857.68	3651000
857.69	3655000
857.7	3660000
857.71	3664000
857.72	3669000
857.73	3673000
857.74	3678000
857.75	3682000
857.76	3687000
857.77	3691000
857.78	3696000
857.79	3700000
857.8	3705000
857.81	3709000
857.82	3714000
857.83	3718000
857.84	3723000
857.85	3727000
857.86	3732000
857.87	3736000
857.88	3741000
857.89	3745000
857.9	3750000
857.91	3754000
857.92	3759000
857.93	3763000
857.94	3768000
857.95	3772000
857.96	3777000
857.97	3781000
857.98	3786000
857.99	3790000
858	3795000
858.01	3799000
858.02	3804000
858.03	3809000
858.04	3814000
858.05	3818000
858.06	3823000
858.07	3828000
858.08	3833000
858.09	3837000
858.1	3842000
858.11	3847000
858.12	3852000
858.13	3856000
858.14	3861000
858.15	3866000
858.16	3871000
858.17	3875000
858.18	3880000
858.19	3885000
858.2	3890000
858.21	3894000
858.22	3899000
858.23	3904000
858.24	3909000
858.25	3913000
858.26	3918000
858.27	3923000
858.28	3928000
858.29	3932000
858.3	3937000
858.31	3942000
858.32	3947000
858.33	3951000
858.34	3956000
858.35	3961000
858.36	3966000
858.37	3970000
858.38	3975000
858.39	3980000
858.4	3985000
858.41	3989000
858.42	3994000
858.43	3999000
858.44	4004000
858.45	4008000
858.46	4013000
858.47	4018000
858.48	4023000
858.49	4027000
858.5	4032000
858.51	4037000
858.52	4042000
858.53	4046000
858.54	4051000
858.55	4056000
858.56	4061000
858.57	4065000
858.58	4070000
858.59	4075000
858.6	4080000
858.61	4084000
858.62	4089000
858.63	4094000
858.64	4099000
858.65	4103000
858.66	4108000
858.67	4113000
858.68	4118000
858.69	4122000
858.7	4127000
858.71	4132000
858.72	4137000
858.73	4141000
858.74	4146000
858.75	4151000
858.76	4156000
858.77	4160000
858.78	4165000
858.79	4170000
858.8	4175000
858.81	4179000
858.82	4184000
858.83	4189000
858.84	4194000
858.85	4198000
858.86	4203000
858.87	4208000
858.88	4213000
858.89	4217000
858.9	4222000
858.91	4227000
858.92	4232000
858.93	4236000
858.94	4241000
858.95	4246000
858.96	4251000
858.97	4255000
858.98	4260000
858.99	4265000
859	4270000
859.01	4275000
859.02	4280000
859.03	4286000
859.04	4291000
859.05	4296000
859.06	4302000
859.07	4307000
859.08	4312000
859.09	4318000
859.1	4323000
859.11	4329000
859.12	4334000
859.13	4339000
859.14	4345000
859.15	4350000
859.16	4355000
859.17	4361000
859.18	4366000
859.19	4372000
859.2	4377000
859.21	4382000
859.22	4388000
859.23	4393000
859.24	4398000
859.25	4404000
859.26	4409000
859.27	4414000
859.28	4420000
859.29	4425000
859.3	4431000
859.31	4436000
859.32	4441000
859.33	4447000
859.34	4452000
859.35	4457000
859.36	4463000
859.37	4468000
859.38	4474000
859.39	4479000
859.4	4484000
859.41	4490000
859.42	4495000
859.43	4500000
859.44	4506000
859.45	4511000
859.46	4517000
859.47	4522000
859.48	4527000
859.49	4533000
859.5	4538000
859.51	4543000
859.52	4549000
859.53	4554000
859.54	4559000
859.55	4565000
859.56	4570000
859.57	4576000
859.58	4581000
859.59	4586000
859.6	4592000
859.61	4597000
859.62	4602000
859.63	4608000
859.64	4613000
859.65	4619000
859.66	4624000
859.67	4629000
859.68	4635000
859.69	4640000
859.7	4645000
859.71	4651000
859.72	4656000
859.73	4662000
859.74	4667000
859.75	4672000
859.76	4678000
859.77	4683000
859.78	4688000
859.79	4694000
859.8	4699000
859.81	4704000
859.82	4710000
859.83	4715000
859.84	4721000
859.85	4726000
859.86	4731000
859.87	4737000
859.88	4742000
859.89	4747000
859.9	4753000
859.91	4758000
859.92	4764000
859.93	4769000
859.94	4774000
859.95	4780000
859.96	4785000
859.97	4790000
859.98	4796000
859.99	4801000
860	4807000
860.01	4813000
860.02	4819000
860.03	4825000
860.04	4831000
860.05	4837000
860.06	4843000
860.07	4849000
860.08	4856000
860.09	4862000
860.1	4868000
860.11	4874000
860.12	4880000
860.13	4886000
860.14	4892000
860.15	4898000
860.16	4905000
860.17	4911000
860.18	4917000
860.19	4923000
860.2	4929000
860.21	4935000
860.22	4941000
860.23	4947000
860.24	4954000
860.25	4960000
860.26	4966000
860.27	4972000
860.28	4978000
860.29	4984000
860.3	4990000
860.31	4997000
860.32	5003000
860.33	5009000
860.34	5015000
860.35	5021000
860.36	5027000
860.37	5033000
860.38	5039000
860.39	5046000
860.4	5052000
860.41	5058000
860.42	5064000
860.43	5070000
860.44	5076000
860.45	5082000
860.46	5088000
860.47	5095000
860.48	5101000
860.49	5107000
860.5	5113000
860.51	5119000
860.52	5125000
860.53	5131000
860.54	5138000
860.55	5144000
860.56	5150000
860.57	5156000
860.58	5162000
860.59	5168000
860.6	5174000
860.61	5180000
860.62	5187000
860.63	5193000
860.64	5199000
860.65	5205000
860.66	5211000
860.67	5217000
860.68	5223000
860.69	5229000
860.7	5236000
860.71	5242000
860.72	5248000
860.73	5254000
860.74	5260000
860.75	5266000
860.76	5272000
860.77	5279000
860.78	5285000
860.79	5291000
860.8	5297000
860.81	5303000
860.82	5309000
860.83	5315000
860.84	5321000
860.85	5328000
860.86	5334000
860.87	5340000
860.88	5346000
860.89	5352000
860.9	5358000
860.91	5364000
860.92	5370000
860.93	5377000
860.94	5383000
860.95	5389000
860.96	5395000
860.97	5401000
860.98	5407000
860.99	5413000
861	5420000
861.01	5426000
861.02	5432000
861.03	5438000
861.04	5445000
861.05	5451000
861.06	5457000
861.07	5463000
861.08	5470000
861.09	5476000
861.1	5482000
861.11	5488000
861.12	5495000
861.13	5501000
861.14	5507000
861.15	5513000
861.16	5520000
861.17	5526000
861.18	5532000
861.19	5538000
861.2	5545000
861.21	5551000
861.22	5557000
861.23	5563000
861.24	5570000
861.25	5576000
861.26	5582000
861.27	5588000
861.28	5595000
861.29	5601000
861.3	5607000
861.31	5613000
861.32	5620000
861.33	5626000
861.34	5632000
861.35	5638000
861.36	5645000
861.37	5651000
861.38	5657000
861.39	5663000
861.4	5670000
861.41	5676000
861.42	5682000
861.43	5688000
861.44	5695000
861.45	5701000
861.46	5707000
861.47	5713000
861.48	5720000
861.49	5726000
861.5	5732000
861.51	5738000
861.52	5745000
861.53	5751000
861.54	5757000
861.55	5763000
861.56	5770000
861.57	5776000
861.58	5782000
861.59	5788000
861.6	5795000
861.61	5801000
861.62	5807000
861.63	5813000
861.64	5820000
861.65	5826000
861.66	5832000
861.67	5838000
861.68	5845000
861.69	5851000
861.7	5857000
861.71	5863000
861.72	5870000
861.73	5876000
861.74	5882000
861.75	5888000
861.76	5895000
861.77	5901000
861.78	5907000
861.79	5913000
861.8	5920000
861.81	5926000
861.82	5932000
861.83	5938000
861.84	5945000
861.85	5951000
861.86	5957000
861.87	5963000
861.88	5970000
861.89	5976000
861.9	5982000
861.91	5988000
861.92	5995000
861.93	6001000
861.94	6007000
861.95	6013000
861.96	6020000
861.97	6026000
861.98	6032000
861.99	6038000
862	6045000
862.01	6051000
862.02	6057000
862.03	6063000
862.04	6070000
862.05	6076000
862.06	6082000
862.07	6088000
862.08	6095000
862.09	6101000
862.1	6107000
862.11	6113000
862.12	6120000
862.13	6126000
862.14	6132000
862.15	6138000
862.16	6145000
862.17	6151000
862.18	6157000
862.19	6163000
862.2	6170000
862.21	6176000
862.22	6182000
862.23	6188000
862.24	6195000
862.25	6201000
862.26	6207000
862.27	6213000
862.28	6220000
862.29	6226000
862.3	6232000
862.31	6238000
862.32	6245000
862.33	6251000
862.34	6257000
862.35	6263000
862.36	6270000
862.37	6276000
862.38	6282000
862.39	6288000
862.4	6295000
862.41	6301000
862.42	6307000
862.43	6313000
862.44	6320000
862.45	6326000
862.46	6332000
862.47	6338000
862.48	6345000
862.49	6351000
862.5	6357000
862.51	6363000
862.52	6370000
862.53	6376000
862.54	6382000
862.55	6388000
862.56	6395000
862.57	6401000
862.58	6407000
862.59	6413000
862.6	6420000
862.61	6426000
862.62	6432000
862.63	6438000
862.64	6445000
862.65	6451000
862.66	6457000
862.67	6463000
862.68	6470000
862.69	6476000
862.7	6482000
862.71	6488000
862.72	6495000
862.73	6501000
862.74	6507000
862.75	6513000
862.76	6520000
862.77	6526000
862.78	6532000
862.79	6538000
862.8	6545000
862.81	6551000
862.82	6557000
862.83	6563000
862.84	6570000
862.85	6576000
862.86	6582000
862.87	6588000
862.88	6595000
862.89	6601000
862.9	6607000
862.91	6613000
862.92	6620000
862.93	6626000
862.94	6632000
862.95	6638000
862.96	6645000
862.97	6651000
862.98	6657000
862.99	6663000
863	6670000
863.01	6676000
863.02	6682000
863.03	6688000
863.04	6695000
863.05	6701000
863.06	6707000
863.07	6713000
863.08	6720000
863.09	6726000
863.1	6732000
863.11	6738000
863.12	6745000
863.13	6751000
863.14	6757000
863.15	6763000
863.16	6770000
863.17	6776000
863.18	6782000
863.19	6788000
863.2	6795000
863.21	6801000
863.22	6807000
863.23	6813000
863.24	6820000
863.25	6826000
863.26	6832000
863.27	6838000
863.28	6845000
863.29	6851000
863.3	6857000
863.31	6863000
863.32	6870000
863.33	6876000
863.34	6882000
863.35	6888000
863.36	6895000
863.37	6901000
863.38	6907000
863.39	6913000
863.4	6920000
863.41	6926000
863.42	6932000
863.43	6938000
863.44	6945000
863.45	6951000
863.46	6957000
863.47	6963000
863.48	6970000
863.49	6976000
863.5	6982000
863.51	6988000
863.52	6995000
863.53	7001000
863.54	7007000
863.55	7013000
863.56	7020000
863.57	7026000
863.58	7032000
863.59	7038000
863.6	7045000
863.61	7051000
863.62	7057000
863.63	7063000
863.64	7070000
863.65	7076000
863.66	7082000
863.67	7088000
863.68	7095000
863.69	7101000
863.7	7107000
863.71	7113000
863.72	7120000
863.73	7126000
863.74	7132000
863.75	7138000
863.76	7145000
863.77	7151000
863.78	7157000
863.79	7163000
863.8	7170000
863.81	7176000
863.82	7182000
863.83	7188000
863.84	7195000
863.85	7201000
863.86	7207000
863.87	7213000
863.88	7220000
863.89	7226000
863.9	7232000
863.91	7238000
863.92	7245000
863.93	7251000
863.94	7257000
863.95	7263000
863.96	7270000
863.97	7276000
863.98	7282000
863.99	7288000
864	7295000
864.01	7301000
864.02	7307000
864.03	7313000
864.04	7320000
864.05	7326000
864.06	7332000
864.07	7338000
864.08	7345000
864.09	7351000
864.1	7357000
864.11	7363000
864.12	7370000
864.13	7376000
864.14	7382000
864.15	7388000
864.16	7395000
864.17	7401000
864.18	7407000
864.19	7413000
864.2	7420000
864.21	7426000
864.22	7432000
864.23	7438000
864.24	7445000
864.25	7451000
864.26	7457000
864.27	7463000
864.28	7470000
864.29	7476000
864.3	7482000
864.31	7488000
864.32	7495000
864.33	7501000
864.34	7507000
864.35	7513000
864.36	7520000
864.37	7526000
864.38	7532000
864.39	7538000
864.4	7545000
864.41	7551000
864.42	7557000
864.43	7563000
864.44	7570000
864.45	7576000
864.46	7582000
864.47	7588000
864.48	7595000
864.49	7601000
864.5	7607000
864.51	7613000
864.52	7620000
864.53	7626000
864.54	7632000
864.55	7638000
864.56	7645000
864.57	7651000
864.58	7657000
864.59	7663000
864.6	7670000
864.61	7676000
864.62	7682000
864.63	7688000
864.64	7695000
864.65	7701000
864.66	7707000
864.67	7713000
864.68	7720000
864.69	7726000
864.7	7732000
864.71	7738000
864.72	7745000
864.73	7751000
864.74	7757000
864.75	7763000
864.76	7770000
864.77	7776000
864.78	7782000
864.79	7788000
864.8	7795000
864.81	7801000
864.82	7807000
864.83	7813000
864.84	7820000
864.85	7826000
864.86	7832000
864.87	7838000
864.88	7845000
864.89	7851000
864.9	7857000
864.91	7863000
864.92	7870000
864.93	7876000
864.94	7882000
864.95	7888000
864.96	7895000
864.97	7901000
864.98	7907000
864.99	7913000
865	7920000
865.01	7927000
865.02	7934000
865.03	7941000
865.04	7949000
865.05	7956000
865.06	7963000
865.07	7970000
865.08	7978000
865.09	7985000
865.1	7992000
865.11	7999000
865.12	8007000
865.13	8014000
865.14	8021000
865.15	8028000
865.16	8036000
865.17	8043000
865.18	8050000
865.19	8057000
865.2	8065000
865.21	8072000
865.22	8079000
865.23	8086000
865.24	8094000
865.25	8101000
865.26	8108000
865.27	8115000
865.28	8123000
865.29	8130000
865.3	8137000
865.31	8144000
865.32	8152000
865.33	8159000
865.34	8166000
865.35	8173000
865.36	8181000
865.37	8188000
865.38	8195000
865.39	8202000
865.4	8210000
865.41	8217000
865.42	8224000
865.43	8231000
865.44	8239000
865.45	8246000
865.46	8253000
865.47	8260000
865.48	8268000
865.49	8275000
865.5	8282000
865.51	8289000
865.52	8297000
865.53	8304000
865.54	8311000
865.55	8318000
865.56	8326000
865.57	8333000
865.58	8340000
865.59	8347000
865.6	8355000
865.61	8362000
865.62	8369000
865.63	8376000
865.64	8384000
865.65	8391000
865.66	8398000
865.67	8405000
865.68	8413000
865.69	8420000
865.7	8427000
865.71	8434000
865.72	8442000
865.73	8449000
865.74	8456000
865.75	8463000
865.76	8471000
865.77	8478000
865.78	8485000
865.79	8492000
865.8	8500000
865.81	8507000
865.82	8514000
865.83	8521000
865.84	8529000
865.85	8536000
865.86	8543000
865.87	8550000
865.88	8558000
865.89	8565000
865.9	8572000
865.91	8579000
865.92	8587000
865.93	8594000
865.94	8601000
865.95	8608000
865.96	8616000
865.97	8623000
865.98	8630000
865.99	8637000
866	8645000
866.01	8653000
866.02	8662000
866.03	8670000
866.04	8679000
866.05	8688000
866.06	8696000
866.07	8705000
866.08	8713000
866.09	8722000
866.1	8731000
866.11	8739000
866.12	8748000
866.13	8757000
866.14	8765000
866.15	8774000
866.16	8782000
866.17	8791000
866.18	8800000
866.19	8808000
866.2	8817000
866.21	8826000
866.22	8834000
866.23	8843000
866.24	8851000
866.25	8860000
866.26	8869000
866.27	8877000
866.28	8886000
866.29	8894000
866.3	8903000
866.31	8912000
866.32	8920000
866.33	8929000
866.34	8938000
866.35	8946000
866.36	8955000
866.37	8963000
866.38	8972000
866.39	8981000
866.4	8989000
866.41	8998000
866.42	9007000
866.43	9015000
866.44	9024000
866.45	9032000
866.46	9041000
866.47	9050000
866.48	9058000
866.49	9067000
866.5	9076000
866.51	9084000
866.52	9093000
866.53	9101000
866.54	9110000
866.55	9119000
866.56	9127000
866.57	9136000
866.58	9144000
866.59	9153000
866.6	9162000
866.61	9170000
866.62	9179000
866.63	9188000
866.64	9196000
866.65	9205000
866.66	9213000
866.67	9222000
866.68	9231000
866.69	9239000
866.7	9248000
866.71	9257000
866.72	9265000
866.73	9274000
866.74	9282000
866.75	9291000
866.76	9300000
866.77	9308000
866.78	9317000
866.79	9325000
866.8	9334000
866.81	9343000
866.82	9351000
866.83	9360000
866.84	9369000
866.85	9377000
866.86	9386000
866.87	9394000
866.88	9403000
866.89	9412000
866.9	9420000
866.91	9429000
866.92	9438000
866.93	9446000
866.94	9455000
866.95	9463000
866.96	9472000
866.97	9481000
866.98	9489000
866.99	9498000
867	9507000
867.01	9517000
867.02	9528000
867.03	9539000
867.04	9550000
867.05	9561000
867.06	9572000
867.07	9583000
867.08	9594000
867.09	9604000
867.1	9615000
867.11	9626000
867.12	9637000
867.13	9648000
867.14	9659000
867.15	9670000
867.16	9681000
867.17	9691000
867.18	9702000
867.19	9713000
867.2	9724000
867.21	9735000
867.22	9746000
867.23	9757000
867.24	9768000
867.25	9779000
867.26	9789000
867.27	9800000
867.28	9811000
867.29	9822000
867.3	9833000
867.31	9844000
867.32	9855000
867.33	9866000
867.34	9876000
867.35	9887000
867.36	9898000
867.37	9909000
867.38	9920000
867.39	9931000
867.4	9942000
867.41	9953000
867.42	9963000
867.43	9974000
867.44	9985000
867.45	9996000
867.46	10007000
867.47	10018000
867.48	10029000
867.49	10040000
867.5	10051000
867.51	10061000
867.52	10072000
867.53	10083000
867.54	10094000
867.55	10105000
867.56	10116000
867.57	10127000
867.58	10138000
867.59	10148000
867.6	10159000
867.61	10170000
867.62	10181000
867.63	10192000
867.64	10203000
867.65	10214000
867.66	10225000
867.67	10235000
867.68	10246000
867.69	10257000
867.7	10268000
867.71	10279000
867.72	10290000
867.73	10301000
867.74	10312000
867.75	10323000
867.76	10333000
867.77	10344000
867.78	10355000
867.79	10366000
867.8	10377000
867.81	10388000
867.82	10399000
867.83	10410000
867.84	10420000
867.85	10431000
867.86	10442000
867.87	10453000
867.88	10464000
867.89	10475000
867.9	10486000
867.91	10497000
867.92	10507000
867.93	10518000
867.94	10529000
867.95	10540000
867.96	10551000
867.97	10562000
867.98	10573000
867.99	10584000
868	10595000
868.01	10607000
868.02	10620000
868.03	10632000
868.04	10645000
868.05	10657000
868.06	10670000
868.07	10682000
868.08	10695000
868.09	10707000
868.1	10720000
868.11	10732000
868.12	10745000
868.13	10757000
868.14	10770000
868.15	10782000
868.16	10795000
868.17	10807000
868.18	10820000
868.19	10832000
868.2	10845000
868.21	10857000
868.22	10870000
868.23	10882000
868.24	10895000
868.25	10907000
868.26	10920000
868.27	10932000
868.28	10945000
868.29	10957000
868.3	10970000
