7
Polverina
Livello volume
392.00	0.00
392.01	2000.00
392.02	5000.00
392.03	8000.00
392.04	11000.00
392.05	14000.00
392.06	17000.00
392.07	20000.00
392.08	23000.00
392.09	26000.00
392.10	28000.00
392.11	31000.00
392.12	34000.00
392.13	37000.00
392.14	40000.00
392.15	43000.00
392.16	46000.00
392.17	49000.00
392.18	52000.00
392.19	54000.00
392.20	57000.00
392.21	60000.00
392.22	63000.00
392.23	66000.00
392.24	69000.00
392.25	72000.00
392.26	75000.00
392.27	78000.00
392.28	80000.00
392.29	83000.00
392.30	86000.00
392.31	89000.00
392.32	92000.00
392.33	95000.00
392.34	98000.00
392.35	101000.00
392.36	104000.00
392.37	106000.00
392.38	109000.00
392.39	112000.00
392.40	115000.00
392.41	118000.00
392.42	121000.00
392.43	124000.00
392.44	127000.00
392.45	130000.00
392.46	132000.00
392.47	135000.00
392.48	138000.00
392.49	141000.00
392.50	144000.00
392.51	147000.00
392.52	150000.00
392.53	153000.00
392.54	156000.00
392.55	158000.00
392.56	161000.00
392.57	164000.00
392.58	167000.00
392.59	170000.00
392.60	173000.00
392.61	176000.00
392.62	179000.00
392.63	182000.00
392.64	184000.00
392.65	187000.00
392.66	190000.00
392.67	193000.00
392.68	196000.00
392.69	199000.00
392.70	202000.00
392.71	205000.00
392.72	208000.00
392.73	210000.00
392.74	213000.00
392.75	216000.00
392.76	219000.00
392.77	222000.00
392.78	225000.00
392.79	228000.00
392.80	231000.00
392.81	234000.00
392.82	236000.00
392.83	239000.00
392.84	242000.00
392.85	245000.00
392.86	248000.00
392.87	251000.00
392.88	254000.00
392.89	257000.00
392.90	260000.00
392.91	262000.00
392.92	265000.00
392.93	268000.00
392.94	271000.00
392.95	274000.00
392.96	277000.00
392.97	280000.00
392.98	283000.00
392.99	286000.00
393.00	289000.00
393.01	292000.00
393.02	296000.00
393.03	300000.00
393.04	304000.00
393.05	307000.00
393.06	311000.00
393.07	315000.00
393.08	319000.00
393.09	322000.00
393.10	326000.00
393.11	330000.00
393.12	334000.00
393.13	337000.00
393.14	341000.00
393.15	345000.00
393.16	349000.00
393.17	352000.00
393.18	356000.00
393.19	360000.00
393.20	364000.00
393.21	367000.00
393.22	371000.00
393.23	375000.00
393.24	379000.00
393.25	382000.00
393.26	386000.00
393.27	390000.00
393.28	394000.00
393.29	397000.00
393.30	401000.00
393.31	405000.00
393.32	409000.00
393.33	412000.00
393.34	416000.00
393.35	420000.00
393.36	424000.00
393.37	427000.00
393.38	431000.00
393.39	435000.00
393.40	439000.00
393.41	442000.00
393.42	446000.00
393.43	450000.00
393.44	454000.00
393.45	457000.00
393.46	461000.00
393.47	465000.00
393.48	469000.00
393.49	472000.00
393.50	476000.00
393.51	480000.00
393.52	484000.00
393.53	487000.00
393.54	491000.00
393.55	495000.00
393.56	499000.00
393.57	502000.00
393.58	506000.00
393.59	510000.00
393.60	514000.00
393.61	517000.00
393.62	521000.00
393.63	525000.00
393.64	529000.00
393.65	532000.00
393.66	536000.00
393.67	540000.00
393.68	544000.00
393.69	547000.00
393.70	551000.00
393.71	555000.00
393.72	559000.00
393.73	562000.00
393.74	566000.00
393.75	570000.00
393.76	574000.00
393.77	577000.00
393.78	581000.00
393.79	585000.00
393.80	589000.00
393.81	592000.00
393.82	596000.00
393.83	600000.00
393.84	604000.00
393.85	607000.00
393.86	611000.00
393.87	615000.00
393.88	619000.00
393.89	622000.00
393.90	626000.00
393.91	630000.00
393.92	634000.00
393.93	637000.00
393.94	641000.00
393.95	645000.00
393.96	649000.00
393.97	652000.00
393.98	656000.00
393.99	660000.00
394.00	664000.00
394.01	668000.00
394.02	672000.00
394.03	676000.00
394.04	681000.00
394.05	685000.00
394.06	689000.00
394.07	693000.00
394.08	698000.00
394.09	702000.00
394.10	706000.00
394.11	710000.00
394.12	715000.00
394.13	719000.00
394.14	723000.00
394.15	727000.00
394.16	732000.00
394.17	736000.00
394.18	740000.00
394.19	744000.00
394.20	749000.00
394.21	753000.00
394.22	757000.00
394.23	761000.00
394.24	766000.00
394.25	770000.00
394.26	774000.00
394.27	778000.00
394.28	783000.00
394.29	787000.00
394.30	791000.00
394.31	795000.00
394.32	800000.00
394.33	804000.00
394.34	808000.00
394.35	812000.00
394.36	817000.00
394.37	821000.00
394.38	825000.00
394.39	829000.00
394.40	834000.00
394.41	838000.00
394.42	842000.00
394.43	846000.00
394.44	851000.00
394.45	855000.00
394.46	859000.00
394.47	863000.00
394.48	868000.00
394.49	872000.00
394.50	876000.00
394.51	880000.00
394.52	885000.00
394.53	889000.00
394.54	893000.00
394.55	897000.00
394.56	902000.00
394.57	906000.00
394.58	910000.00
394.59	914000.00
394.60	919000.00
394.61	923000.00
394.62	927000.00
394.63	931000.00
394.64	936000.00
394.65	940000.00
394.66	944000.00
394.67	948000.00
394.68	953000.00
394.69	957000.00
394.70	961000.00
394.71	965000.00
394.72	970000.00
394.73	974000.00
394.74	978000.00
394.75	982000.00
394.76	987000.00
394.77	991000.00
394.78	995000.00
394.79	999000.00
394.80	1004000.00
394.81	1008000.00
394.82	1012000.00
394.83	1016000.00
394.84	1021000.00
394.85	1025000.00
394.86	1029000.00
394.87	1033000.00
394.88	1038000.00
394.89	1042000.00
394.90	1046000.00
394.91	1050000.00
394.92	1055000.00
394.93	1059000.00
394.94	1063000.00
394.95	1067000.00
394.96	1072000.00
394.97	1076000.00
394.98	1080000.00
394.99	1084000.00
395.00	1089000.00
395.01	1093000.00
395.02	1098000.00
395.03	1103000.00
395.04	1108000.00
395.05	1113000.00
395.06	1118000.00
395.07	1123000.00
395.08	1128000.00
395.09	1133000.00
395.10	1138000.00
395.11	1143000.00
395.12	1148000.00
395.13	1153000.00
395.14	1158000.00
395.15	1163000.00
395.16	1168000.00
395.17	1172000.00
395.18	1177000.00
395.19	1182000.00
395.20	1187000.00
395.21	1192000.00
395.22	1197000.00
395.23	1202000.00
395.24	1207000.00
395.25	1212000.00
395.26	1217000.00
395.27	1222000.00
395.28	1227000.00
395.29	1232000.00
395.30	1237000.00
395.31	1242000.00
395.32	1247000.00
395.33	1252000.00
395.34	1256000.00
395.35	1261000.00
395.36	1266000.00
395.37	1271000.00
395.38	1276000.00
395.39	1281000.00
395.40	1286000.00
395.41	1291000.00
395.42	1296000.00
395.43	1301000.00
395.44	1306000.00
395.45	1311000.00
395.46	1316000.00
395.47	1321000.00
395.48	1326000.00
395.49	1331000.00
395.50	1335000.00
395.51	1340000.00
395.52	1345000.00
395.53	1350000.00
395.54	1355000.00
395.55	1360000.00
395.56	1365000.00
395.57	1370000.00
395.58	1375000.00
395.59	1380000.00
395.60	1385000.00
395.61	1390000.00
395.62	1395000.00
395.63	1400000.00
395.64	1405000.00
395.65	1410000.00
395.66	1415000.00
395.67	1419000.00
395.68	1424000.00
395.69	1429000.00
395.70	1434000.00
395.71	1439000.00
395.72	1444000.00
395.73	1449000.00
395.74	1454000.00
395.75	1459000.00
395.76	1464000.00
395.77	1469000.00
395.78	1474000.00
395.79	1479000.00
395.80	1484000.00
395.81	1489000.00
395.82	1494000.00
395.83	1499000.00
395.84	1503000.00
395.85	1508000.00
395.86	1513000.00
395.87	1518000.00
395.88	1523000.00
395.89	1528000.00
395.90	1533000.00
395.91	1538000.00
395.92	1543000.00
395.93	1548000.00
395.94	1553000.00
395.95	1558000.00
395.96	1563000.00
395.97	1568000.00
395.98	1573000.00
395.99	1578000.00
396.00	1583000.00
396.01	1588000.00
396.02	1593000.00
396.03	1599000.00
396.04	1604000.00
396.05	1610000.00
396.06	1615000.00
396.07	1621000.00
396.08	1626000.00
396.09	1631000.00
396.10	1637000.00
396.11	1642000.00
396.12	1648000.00
396.13	1653000.00
396.14	1659000.00
396.15	1664000.00
396.16	1670000.00
396.17	1675000.00
396.18	1680000.00
396.19	1686000.00
396.20	1691000.00
396.21	1697000.00
396.22	1702000.00
396.23	1708000.00
396.24	1713000.00
396.25	1719000.00
396.26	1724000.00
396.27	1729000.00
396.28	1735000.00
396.29	1740000.00
396.30	1746000.00
396.31	1751000.00
396.32	1757000.00
396.33	1762000.00
396.34	1767000.00
396.35	1773000.00
396.36	1778000.00
396.37	1784000.00
396.38	1789000.00
396.39	1795000.00
396.40	1800000.00
396.41	1806000.00
396.42	1811000.00
396.43	1816000.00
396.44	1822000.00
396.45	1827000.00
396.46	1833000.00
396.47	1838000.00
396.48	1844000.00
396.49	1849000.00
396.50	1855000.00
396.51	1860000.00
396.52	1865000.00
396.53	1871000.00
396.54	1876000.00
396.55	1882000.00
396.56	1887000.00
396.57	1893000.00
396.58	1898000.00
396.59	1903000.00
396.60	1909000.00
396.61	1914000.00
396.62	1920000.00
396.63	1925000.00
396.64	1931000.00
396.65	1936000.00
396.66	1942000.00
396.67	1947000.00
396.68	1952000.00
396.69	1958000.00
396.70	1963000.00
396.71	1969000.00
396.72	1974000.00
396.73	1980000.00
396.74	1985000.00
396.75	1991000.00
396.76	1996000.00
396.77	2001000.00
396.78	2007000.00
396.79	2012000.00
396.80	2018000.00
396.81	2023000.00
396.82	2029000.00
396.83	2034000.00
396.84	2039000.00
396.85	2045000.00
396.86	2050000.00
396.87	2056000.00
396.88	2061000.00
396.89	2067000.00
396.90	2072000.00
396.91	2078000.00
396.92	2083000.00
396.93	2088000.00
396.94	2094000.00
396.95	2099000.00
396.96	2105000.00
396.97	2110000.00
396.98	2116000.00
396.99	2121000.00
397.00	2127000.00
397.01	2133000.00
397.02	2140000.00
397.03	2146000.00
397.04	2153000.00
397.05	2160000.00
397.06	2166000.00
397.07	2173000.00
397.08	2179000.00
397.09	2186000.00
397.10	2193000.00
397.11	2199000.00
397.12	2206000.00
397.13	2213000.00
397.14	2219000.00
397.15	2226000.00
397.16	2232000.00
397.17	2239000.00
397.18	2246000.00
397.19	2252000.00
397.20	2259000.00
397.21	2266000.00
397.22	2272000.00
397.23	2279000.00
397.24	2285000.00
397.25	2292000.00
397.26	2299000.00
397.27	2305000.00
397.28	2312000.00
397.29	2318000.00
397.30	2325000.00
397.31	2332000.00
397.32	2338000.00
397.33	2345000.00
397.34	2352000.00
397.35	2358000.00
397.36	2365000.00
397.37	2371000.00
397.38	2378000.00
397.39	2385000.00
397.40	2391000.00
397.41	2398000.00
397.42	2405000.00
397.43	2411000.00
397.44	2418000.00
397.45	2424000.00
397.46	2431000.00
397.47	2438000.00
397.48	2444000.00
397.49	2451000.00
397.50	2458000.00
397.51	2464000.00
397.52	2471000.00
397.53	2477000.00
397.54	2484000.00
397.55	2491000.00
397.56	2497000.00
397.57	2504000.00
397.58	2510000.00
397.59	2517000.00
397.60	2524000.00
397.61	2530000.00
397.62	2537000.00
397.63	2544000.00
397.64	2550000.00
397.65	2557000.00
397.66	2563000.00
397.67	2570000.00
397.68	2577000.00
397.69	2583000.00
397.70	2590000.00
397.71	2597000.00
397.72	2603000.00
397.73	2610000.00
397.74	2616000.00
397.75	2623000.00
397.76	2630000.00
397.77	2636000.00
397.78	2643000.00
397.79	2649000.00
397.80	2656000.00
397.81	2663000.00
397.82	2669000.00
397.83	2676000.00
397.84	2683000.00
397.85	2689000.00
397.86	2696000.00
397.87	2702000.00
397.88	2709000.00
397.89	2716000.00
397.90	2722000.00
397.91	2729000.00
397.92	2736000.00
397.93	2742000.00
397.94	2749000.00
397.95	2755000.00
397.96	2762000.00
397.97	2769000.00
397.98	2775000.00
397.99	2782000.00
398.00	2789000.00
398.01	2796000.00
398.02	2803000.00
398.03	2810000.00
398.04	2817000.00
398.05	2824000.00
398.06	2831000.00
398.07	2838000.00
398.08	2845000.00
398.09	2852000.00
398.10	2859000.00
398.11	2866000.00
398.12	2873000.00
398.13	2880000.00
398.14	2887000.00
398.15	2894000.00
398.16	2901000.00
398.17	2909000.00
398.18	2916000.00
398.19	2923000.00
398.20	2930000.00
398.21	2937000.00
398.22	2944000.00
398.23	2951000.00
398.24	2958000.00
398.25	2965000.00
398.26	2972000.00
398.27	2979000.00
398.28	2986000.00
398.29	2993000.00
398.30	3000000.00
398.31	3007000.00
398.32	3014000.00
398.33	3021000.00
398.34	3029000.00
398.35	3036000.00
398.36	3043000.00
398.37	3050000.00
398.38	3057000.00
398.39	3064000.00
398.40	3071000.00
398.41	3078000.00
398.42	3085000.00
398.43	3092000.00
398.44	3099000.00
398.45	3106000.00
398.46	3113000.00
398.47	3120000.00
398.48	3127000.00
398.49	3134000.00
398.50	3142000.00
398.51	3149000.00
398.52	3156000.00
398.53	3163000.00
398.54	3170000.00
398.55	3177000.00
398.56	3184000.00
398.57	3191000.00
398.58	3198000.00
398.59	3205000.00
398.60	3212000.00
398.61	3219000.00
398.62	3226000.00
398.63	3233000.00
398.64	3240000.00
398.65	3247000.00
398.66	3254000.00
398.67	3262000.00
398.68	3269000.00
398.69	3276000.00
398.70	3283000.00
398.71	3290000.00
398.72	3297000.00
398.73	3304000.00
398.74	3311000.00
398.75	3318000.00
398.76	3325000.00
398.77	3332000.00
398.78	3339000.00
398.79	3346000.00
398.80	3353000.00
398.81	3360000.00
398.82	3367000.00
398.83	3374000.00
398.84	3382000.00
398.85	3389000.00
398.86	3396000.00
398.87	3403000.00
398.88	3410000.00
398.89	3417000.00
398.90	3424000.00
398.91	3431000.00
398.92	3438000.00
398.93	3445000.00
398.94	3452000.00
398.95	3459000.00
398.96	3466000.00
398.97	3473000.00
398.98	3480000.00
398.99	3487000.00
399.00	3495000.00
399.01	3502000.00
399.02	3509000.00
399.03	3516000.00
399.04	3524000.00
399.05	3531000.00
399.06	3538000.00
399.07	3545000.00
399.08	3553000.00
399.09	3560000.00
399.10	3567000.00
399.11	3574000.00
399.12	3582000.00
399.13	3589000.00
399.14	3596000.00
399.15	3603000.00
399.16	3611000.00
399.17	3618000.00
399.18	3625000.00
399.19	3632000.00
399.20	3640000.00
399.21	3647000.00
399.22	3654000.00
399.23	3661000.00
399.24	3669000.00
399.25	3676000.00
399.26	3683000.00
399.27	3691000.00
399.28	3698000.00
399.29	3705000.00
399.30	3712000.00
399.31	3720000.00
399.32	3727000.00
399.33	3734000.00
399.34	3741000.00
399.35	3749000.00
399.36	3756000.00
399.37	3763000.00
399.38	3770000.00
399.39	3778000.00
399.40	3785000.00
399.41	3792000.00
399.42	3799000.00
399.43	3807000.00
399.44	3814000.00
399.45	3821000.00
399.46	3828000.00
399.47	3836000.00
399.48	3843000.00
399.49	3850000.00
399.50	3858000.00
399.51	3865000.00
399.52	3872000.00
399.53	3879000.00
399.54	3887000.00
399.55	3894000.00
399.56	3901000.00
399.57	3908000.00
399.58	3916000.00
399.59	3923000.00
399.60	3930000.00
399.61	3937000.00
399.62	3945000.00
399.63	3952000.00
399.64	3959000.00
399.65	3966000.00
399.66	3974000.00
399.67	3981000.00
399.68	3988000.00
399.69	3995000.00
399.70	4003000.00
399.71	4010000.00
399.72	4017000.00
399.73	4024000.00
399.74	4032000.00
399.75	4039000.00
399.76	4046000.00
399.77	4054000.00
399.78	4061000.00
399.79	4068000.00
399.80	4075000.00
399.81	4083000.00
399.82	4090000.00
399.83	4097000.00
399.84	4104000.00
399.85	4112000.00
399.86	4119000.00
399.87	4126000.00
399.88	4133000.00
399.89	4141000.00
399.90	4148000.00
399.91	4155000.00
399.92	4162000.00
399.93	4170000.00
399.94	4177000.00
399.95	4184000.00
399.96	4191000.00
399.97	4199000.00
399.98	4206000.00
399.99	4213000.00
400.00	4221000.00
