8
Borgiano
Livello volume
285.00	0.00
285.01	1000.00
285.02	3000.00
285.03	4000.00
285.04	6000.00
285.05	7000.00
285.06	9000.00
285.07	11000.00
285.08	12000.00
285.09	14000.00
285.10	15000.00
285.11	17000.00
285.12	19000.00
285.13	20000.00
285.14	22000.00
285.15	23000.00
285.16	25000.00
285.17	27000.00
285.18	28000.00
285.19	30000.00
285.20	31000.00
285.21	33000.00
285.22	35000.00
285.23	36000.00
285.24	38000.00
285.25	39000.00
285.26	41000.00
285.27	43000.00
285.28	44000.00
285.29	46000.00
285.30	47000.00
285.31	49000.00
285.32	51000.00
285.33	52000.00
285.34	54000.00
285.35	55000.00
285.36	57000.00
285.37	59000.00
285.38	60000.00
285.39	62000.00
285.40	63000.00
285.41	65000.00
285.42	67000.00
285.43	68000.00
285.44	70000.00
285.45	71000.00
285.46	73000.00
285.47	75000.00
285.48	76000.00
285.49	78000.00
285.50	79000.00
285.51	81000.00
285.52	83000.00
285.53	84000.00
285.54	86000.00
285.55	87000.00
285.56	89000.00
285.57	91000.00
285.58	92000.00
285.59	94000.00
285.60	95000.00
285.61	97000.00
285.62	99000.00
285.63	100000.00
285.64	102000.00
285.65	103000.00
285.66	105000.00
285.67	107000.00
285.68	108000.00
285.69	110000.00
285.70	111000.00
285.71	113000.00
285.72	115000.00
285.73	116000.00
285.74	118000.00
285.75	119000.00
285.76	121000.00
285.77	123000.00
285.78	124000.00
285.79	126000.00
285.80	127000.00
285.81	129000.00
285.82	131000.00
285.83	132000.00
285.84	134000.00
285.85	135000.00
285.86	137000.00
285.87	139000.00
285.88	140000.00
285.89	142000.00
285.90	143000.00
285.91	145000.00
285.92	147000.00
285.93	148000.00
285.94	150000.00
285.95	151000.00
285.96	153000.00
285.97	155000.00
285.98	156000.00
285.99	158000.00
286.00	160000.00
286.01	161000.00
286.02	163000.00
286.03	165000.00
286.04	166000.00
286.05	168000.00
286.06	170000.00
286.07	171000.00
286.08	173000.00
286.09	175000.00
286.10	177000.00
286.11	178000.00
286.12	180000.00
286.13	182000.00
286.14	183000.00
286.15	185000.00
286.16	187000.00
286.17	188000.00
286.18	190000.00
286.19	192000.00
286.20	194000.00
286.21	195000.00
286.22	197000.00
286.23	199000.00
286.24	200000.00
286.25	202000.00
286.26	204000.00
286.27	205000.00
286.28	207000.00
286.29	209000.00
286.30	211000.00
286.31	212000.00
286.32	214000.00
286.33	216000.00
286.34	217000.00
286.35	219000.00
286.36	221000.00
286.37	222000.00
286.38	224000.00
286.39	226000.00
286.40	228000.00
286.41	229000.00
286.42	231000.00
286.43	233000.00
286.44	234000.00
286.45	236000.00
286.46	238000.00
286.47	239000.00
286.48	241000.00
286.49	243000.00
286.50	244000.00
286.51	246000.00
286.52	248000.00
286.53	250000.00
286.54	251000.00
286.55	253000.00
286.56	255000.00
286.57	256000.00
286.58	258000.00
286.59	260000.00
286.60	261000.00
286.61	263000.00
286.62	265000.00
286.63	267000.00
286.64	268000.00
286.65	270000.00
286.66	272000.00
286.67	273000.00
286.68	275000.00
286.69	277000.00
286.70	278000.00
286.71	280000.00
286.72	282000.00
286.73	284000.00
286.74	285000.00
286.75	287000.00
286.76	289000.00
286.77	290000.00
286.78	292000.00
286.79	294000.00
286.80	295000.00
286.81	297000.00
286.82	299000.00
286.83	301000.00
286.84	302000.00
286.85	304000.00
286.86	306000.00
286.87	307000.00
286.88	309000.00
286.89	311000.00
286.90	312000.00
286.91	314000.00
286.92	316000.00
286.93	318000.00
286.94	319000.00
286.95	321000.00
286.96	323000.00
286.97	324000.00
286.98	326000.00
286.99	328000.00
287.00	330000.00
287.01	331000.00
287.02	333000.00
287.03	335000.00
287.04	337000.00
287.05	339000.00
287.06	341000.00
287.07	343000.00
287.08	345000.00
287.09	347000.00
287.10	349000.00
287.11	350000.00
287.12	352000.00
287.13	354000.00
287.14	356000.00
287.15	358000.00
287.16	360000.00
287.17	362000.00
287.18	364000.00
287.19	366000.00
287.20	368000.00
287.21	369000.00
287.22	371000.00
287.23	373000.00
287.24	375000.00
287.25	377000.00
287.26	379000.00
287.27	381000.00
287.28	383000.00
287.29	385000.00
287.30	386000.00
287.31	388000.00
287.32	390000.00
287.33	392000.00
287.34	394000.00
287.35	396000.00
287.36	398000.00
287.37	400000.00
287.38	402000.00
287.39	404000.00
287.40	405000.00
287.41	407000.00
287.42	409000.00
287.43	411000.00
287.44	413000.00
287.45	415000.00
287.46	417000.00
287.47	419000.00
287.48	421000.00
287.49	423000.00
287.50	424000.00
287.51	426000.00
287.52	428000.00
287.53	430000.00
287.54	432000.00
287.55	434000.00
287.56	436000.00
287.57	438000.00
287.58	440000.00
287.59	442000.00
287.60	443000.00
287.61	445000.00
287.62	447000.00
287.63	449000.00
287.64	451000.00
287.65	453000.00
287.66	455000.00
287.67	457000.00
287.68	459000.00
287.69	461000.00
287.70	462000.00
287.71	464000.00
287.72	466000.00
287.73	468000.00
287.74	470000.00
287.75	472000.00
287.76	474000.00
287.77	476000.00
287.78	478000.00
287.79	480000.00
287.80	481000.00
287.81	483000.00
287.82	485000.00
287.83	487000.00
287.84	489000.00
287.85	491000.00
287.86	493000.00
287.87	495000.00
287.88	497000.00
287.89	499000.00
287.90	500000.00
287.91	502000.00
287.92	504000.00
287.93	506000.00
287.94	508000.00
287.95	510000.00
287.96	512000.00
287.97	514000.00
287.98	516000.00
287.99	518000.00
288.00	520000.00
288.01	522000.00
288.02	524000.00
288.03	527000.00
288.04	529000.00
288.05	531000.00
288.06	534000.00
288.07	536000.00
288.08	539000.00
288.09	541000.00
288.10	544000.00
288.11	546000.00
288.12	548000.00
288.13	551000.00
288.14	553000.00
288.15	556000.00
288.16	558000.00
288.17	560000.00
288.18	563000.00
288.19	565000.00
288.20	568000.00
288.21	570000.00
288.22	572000.00
288.23	575000.00
288.24	577000.00
288.25	579000.00
288.26	582000.00
288.27	584000.00
288.28	587000.00
288.29	589000.00
288.30	591000.00
288.31	594000.00
288.32	596000.00
288.33	599000.00
288.34	601000.00
288.35	603000.00
288.36	606000.00
288.37	608000.00
288.38	611000.00
288.39	613000.00
288.40	615000.00
288.41	618000.00
288.42	620000.00
288.43	623000.00
288.44	625000.00
288.45	627000.00
288.46	630000.00
288.47	632000.00
288.48	635000.00
288.49	637000.00
288.50	639000.00
288.51	642000.00
288.52	644000.00
288.53	647000.00
288.54	649000.00
288.55	651000.00
288.56	654000.00
288.57	656000.00
288.58	659000.00
288.59	661000.00
288.60	663000.00
288.61	666000.00
288.62	668000.00
288.63	671000.00
288.64	673000.00
288.65	675000.00
288.66	678000.00
288.67	680000.00
288.68	683000.00
288.69	685000.00
288.70	687000.00
288.71	690000.00
288.72	692000.00
288.73	695000.00
288.74	697000.00
288.75	699000.00
288.76	702000.00
288.77	704000.00
288.78	707000.00
288.79	709000.00
288.80	711000.00
288.81	714000.00
288.82	716000.00
288.83	719000.00
288.84	721000.00
288.85	723000.00
288.86	726000.00
288.87	728000.00
288.88	731000.00
288.89	733000.00
288.90	735000.00
288.91	738000.00
288.92	740000.00
288.93	743000.00
288.94	745000.00
288.95	747000.00
288.96	750000.00
288.97	752000.00
288.98	755000.00
288.99	757000.00
289.00	760000.00
289.01	762000.00
289.02	765000.00
289.03	768000.00
289.04	771000.00
289.05	774000.00
289.06	777000.00
289.07	780000.00
289.08	783000.00
289.09	786000.00
289.10	789000.00
289.11	791000.00
289.12	794000.00
289.13	797000.00
289.14	800000.00
289.15	803000.00
289.16	806000.00
289.17	809000.00
289.18	812000.00
289.19	815000.00
289.20	818000.00
289.21	820000.00
289.22	823000.00
289.23	826000.00
289.24	829000.00
289.25	832000.00
289.26	835000.00
289.27	838000.00
289.28	841000.00
289.29	844000.00
289.30	846000.00
289.31	849000.00
289.32	852000.00
289.33	855000.00
289.34	858000.00
289.35	861000.00
289.36	864000.00
289.37	867000.00
289.38	870000.00
289.39	873000.00
289.40	875000.00
289.41	878000.00
289.42	881000.00
289.43	884000.00
289.44	887000.00
289.45	890000.00
289.46	893000.00
289.47	896000.00
289.48	899000.00
289.49	902000.00
289.50	904000.00
289.51	907000.00
289.52	910000.00
289.53	913000.00
289.54	916000.00
289.55	919000.00
289.56	922000.00
289.57	925000.00
289.58	928000.00
289.59	931000.00
289.60	933000.00
289.61	936000.00
289.62	939000.00
289.63	942000.00
289.64	945000.00
289.65	948000.00
289.66	951000.00
289.67	954000.00
289.68	957000.00
289.69	960000.00
289.70	962000.00
289.71	965000.00
289.72	968000.00
289.73	971000.00
289.74	974000.00
289.75	977000.00
289.76	980000.00
289.77	983000.00
289.78	986000.00
289.79	989000.00
289.80	991000.00
289.81	994000.00
289.82	997000.00
289.83	1000000.00
289.84	1003000.00
289.85	1006000.00
289.86	1009000.00
289.87	1012000.00
289.88	1015000.00
289.89	1018000.00
289.90	1021000.00
289.91	1023000.00
289.92	1026000.00
289.93	1029000.00
289.94	1032000.00
289.95	1035000.00
289.96	1038000.00
289.97	1041000.00
289.98	1044000.00
289.99	1047000.00
290.00	1050000.00
290.01	1053000.00
290.02	1056000.00
290.03	1060000.00
290.04	1063000.00
290.05	1067000.00
290.06	1070000.00
290.07	1073000.00
290.08	1077000.00
290.09	1080000.00
290.10	1084000.00
290.11	1087000.00
290.12	1090000.00
290.13	1094000.00
290.14	1097000.00
290.15	1101000.00
290.16	1104000.00
290.17	1107000.00
290.18	1111000.00
290.19	1114000.00
290.20	1118000.00
290.21	1121000.00
290.22	1124000.00
290.23	1128000.00
290.24	1131000.00
290.25	1134000.00
290.26	1138000.00
290.27	1141000.00
290.28	1145000.00
290.29	1148000.00
290.30	1151000.00
290.31	1155000.00
290.32	1158000.00
290.33	1162000.00
290.34	1165000.00
290.35	1168000.00
290.36	1172000.00
290.37	1175000.00
290.38	1179000.00
290.39	1182000.00
290.40	1185000.00
290.41	1189000.00
290.42	1192000.00
290.43	1196000.00
290.44	1199000.00
290.45	1202000.00
290.46	1206000.00
290.47	1209000.00
290.48	1213000.00
290.49	1216000.00
290.50	1219000.00
290.51	1223000.00
290.52	1226000.00
290.53	1230000.00
290.54	1233000.00
290.55	1236000.00
290.56	1240000.00
290.57	1243000.00
290.58	1247000.00
290.59	1250000.00
290.60	1253000.00
290.61	1257000.00
290.62	1260000.00
290.63	1264000.00
290.64	1267000.00
290.65	1270000.00
290.66	1274000.00
290.67	1277000.00
290.68	1281000.00
290.69	1284000.00
290.70	1287000.00
290.71	1291000.00
290.72	1294000.00
290.73	1298000.00
290.74	1301000.00
290.75	1304000.00
290.76	1308000.00
290.77	1311000.00
290.78	1315000.00
290.79	1318000.00
290.80	1322000.00
290.81	1325000.00
290.82	1328000.00
290.83	1332000.00
290.84	1335000.00
290.85	1339000.00
290.86	1342000.00
290.87	1345000.00
290.88	1349000.00
290.89	1352000.00
290.90	1356000.00
290.91	1359000.00
290.92	1362000.00
290.93	1366000.00
290.94	1369000.00
290.95	1373000.00
290.96	1376000.00
290.97	1379000.00
290.98	1383000.00
290.99	1386000.00
291.00	1390000.00
291.01	1393000.00
291.02	1397000.00
291.03	1401000.00
291.04	1405000.00
291.05	1409000.00
291.06	1413000.00
291.07	1417000.00
291.08	1421000.00
291.09	1425000.00
291.10	1429000.00
291.11	1432000.00
291.12	1436000.00
291.13	1440000.00
291.14	1444000.00
291.15	1448000.00
291.16	1452000.00
291.17	1456000.00
291.18	1460000.00
291.19	1464000.00
291.20	1468000.00
291.21	1471000.00
291.22	1475000.00
291.23	1479000.00
291.24	1483000.00
291.25	1487000.00
291.26	1491000.00
291.27	1495000.00
291.28	1499000.00
291.29	1503000.00
291.30	1506000.00
291.31	1510000.00
291.32	1514000.00
291.33	1518000.00
291.34	1522000.00
291.35	1526000.00
291.36	1530000.00
291.37	1534000.00
291.38	1538000.00
291.39	1542000.00
291.40	1545000.00
291.41	1549000.00
291.42	1553000.00
291.43	1557000.00
291.44	1561000.00
291.45	1565000.00
291.46	1569000.00
291.47	1573000.00
291.48	1577000.00
291.49	1581000.00
291.50	1584000.00
291.51	1588000.00
291.52	1592000.00
291.53	1596000.00
291.54	1600000.00
291.55	1604000.00
291.56	1608000.00
291.57	1612000.00
291.58	1616000.00
291.59	1620000.00
291.60	1623000.00
291.61	1627000.00
291.62	1631000.00
291.63	1635000.00
291.64	1639000.00
291.65	1643000.00
291.66	1647000.00
291.67	1651000.00
291.68	1655000.00
291.69	1659000.00
291.70	1663000.00
291.71	1666000.00
291.72	1670000.00
291.73	1674000.00
291.74	1678000.00
291.75	1682000.00
291.76	1686000.00
291.77	1690000.00
291.78	1694000.00
291.79	1698000.00
291.80	1702000.00
291.81	1705000.00
291.82	1709000.00
291.83	1713000.00
291.84	1717000.00
291.85	1721000.00
291.86	1725000.00
291.87	1729000.00
291.88	1733000.00
291.89	1737000.00
291.90	1741000.00
291.91	1744000.00
291.92	1748000.00
291.93	1752000.00
291.94	1756000.00
291.95	1760000.00
291.96	1764000.00
291.97	1768000.00
291.98	1772000.00
291.99	1776000.00
292.00	1780000.00
292.01	1784000.00
292.02	1789000.00
292.03	1793000.00
292.04	1798000.00
292.05	1802000.00
292.06	1807000.00
292.07	1811000.00
292.08	1816000.00
292.09	1820000.00
292.10	1825000.00
292.11	1829000.00
292.12	1834000.00
292.13	1838000.00
292.14	1843000.00
292.15	1847000.00
292.16	1852000.00
292.17	1856000.00
292.18	1861000.00
292.19	1865000.00
292.20	1870000.00
292.21	1874000.00
292.22	1879000.00
292.23	1883000.00
292.24	1888000.00
292.25	1892000.00
292.26	1897000.00
292.27	1901000.00
292.28	1906000.00
292.29	1910000.00
292.30	1915000.00
292.31	1919000.00
292.32	1924000.00
292.33	1928000.00
292.34	1933000.00
292.35	1937000.00
292.36	1942000.00
292.37	1946000.00
292.38	1951000.00
292.39	1955000.00
292.40	1960000.00
292.41	1964000.00
292.42	1969000.00
292.43	1973000.00
292.44	1978000.00
292.45	1982000.00
292.46	1987000.00
292.47	1991000.00
292.48	1996000.00
292.49	2000000.00
292.50	2005000.00
292.51	2009000.00
292.52	2014000.00
292.53	2018000.00
292.54	2023000.00
292.55	2027000.00
292.56	2032000.00
292.57	2036000.00
292.58	2041000.00
292.59	2045000.00
292.60	2050000.00
292.61	2054000.00
292.62	2059000.00
292.63	2063000.00
292.64	2068000.00
292.65	2072000.00
292.66	2077000.00
292.67	2081000.00
292.68	2086000.00
292.69	2090000.00
292.70	2095000.00
292.71	2099000.00
292.72	2104000.00
292.73	2108000.00
292.74	2113000.00
292.75	2117000.00
292.76	2122000.00
292.77	2126000.00
292.78	2131000.00
292.79	2135000.00
292.80	2140000.00
292.81	2144000.00
292.82	2149000.00
292.83	2153000.00
292.84	2158000.00
292.85	2162000.00
292.86	2167000.00
292.87	2171000.00
292.88	2176000.00
292.89	2180000.00
292.90	2185000.00
292.91	2189000.00
292.92	2194000.00
292.93	2198000.00
292.94	2203000.00
292.95	2207000.00
292.96	2212000.00
292.97	2216000.00
292.98	2221000.00
292.99	2225000.00
293.00	2230000.00
293.01	2235000.00
293.02	2240000.00
293.03	2245000.00
293.04	2250000.00
293.05	2255000.00
293.06	2260000.00
293.07	2265000.00
293.08	2270000.00
293.09	2275000.00
293.10	2280000.00
293.11	2285000.00
293.12	2290000.00
293.13	2295000.00
293.14	2300000.00
293.15	2305000.00
293.16	2310000.00
293.17	2315000.00
293.18	2320000.00
293.19	2325000.00
293.20	2330000.00
293.21	2335000.00
293.22	2340000.00
293.23	2345000.00
293.24	2350000.00
293.25	2355000.00
293.26	2360000.00
293.27	2365000.00
293.28	2370000.00
293.29	2375000.00
293.30	2380000.00
293.31	2385000.00
293.32	2390000.00
293.33	2395000.00
293.34	2400000.00
293.35	2405000.00
293.36	2410000.00
293.37	2415000.00
293.38	2420000.00
293.39	2425000.00
293.40	2430000.00
293.41	2435000.00
293.42	2440000.00
293.43	2445000.00
293.44	2450000.00
293.45	2455000.00
293.46	2460000.00
293.47	2465000.00
293.48	2470000.00
293.49	2475000.00
293.50	2480000.00
293.51	2485000.00
293.52	2490000.00
293.53	2495000.00
293.54	2500000.00
293.55	2505000.00
293.56	2510000.00
293.57	2515000.00
293.58	2520000.00
293.59	2525000.00
293.60	2530000.00
293.61	2535000.00
293.62	2540000.00
293.63	2545000.00
293.64	2550000.00
293.65	2555000.00
293.66	2560000.00
293.67	2565000.00
293.68	2570000.00
293.69	2575000.00
293.70	2580000.00
293.71	2585000.00
293.72	2590000.00
293.73	2595000.00
293.74	2600000.00
293.75	2605000.00
293.76	2610000.00
293.77	2615000.00
293.78	2620000.00
293.79	2625000.00
293.80	2630000.00
293.81	2635000.00
293.82	2640000.00
293.83	2645000.00
293.84	2650000.00
293.85	2655000.00
293.86	2660000.00
293.87	2665000.00
293.88	2670000.00
293.89	2675000.00
293.90	2680000.00
293.91	2685000.00
293.92	2690000.00
293.93	2695000.00
293.94	2700000.00
293.95	2705000.00
293.96	2710000.00
293.97	2715000.00
293.98	2720000.00
293.99	2725000.00
294.00	2730000.00
294.01	2735000.00
294.02	2741000.00
294.03	2746000.00
294.04	2752000.00
294.05	2757000.00
294.06	2763000.00
294.07	2768000.00
294.08	2774000.00
294.09	2779000.00
294.10	2785000.00
294.11	2790000.00
294.12	2796000.00
294.13	2801000.00
294.14	2807000.00
294.15	2812000.00
294.16	2818000.00
294.17	2823000.00
294.18	2829000.00
294.19	2834000.00
294.20	2840000.00
294.21	2845000.00
294.22	2851000.00
294.23	2856000.00
294.24	2862000.00
294.25	2867000.00
294.26	2873000.00
294.27	2878000.00
294.28	2884000.00
294.29	2889000.00
294.30	2895000.00
294.31	2900000.00
294.32	2906000.00
294.33	2911000.00
294.34	2917000.00
294.35	2922000.00
294.36	2928000.00
294.37	2933000.00
294.38	2939000.00
294.39	2944000.00
294.40	2950000.00
294.41	2955000.00
294.42	2961000.00
294.43	2966000.00
294.44	2972000.00
294.45	2977000.00
294.46	2983000.00
294.47	2988000.00
294.48	2994000.00
294.49	2999000.00
294.50	3005000.00
294.51	3010000.00
294.52	3016000.00
294.53	3021000.00
294.54	3027000.00
294.55	3032000.00
294.56	3038000.00
294.57	3043000.00
294.58	3049000.00
294.59	3054000.00
294.60	3060000.00
294.61	3065000.00
294.62	3071000.00
294.63	3076000.00
294.64	3082000.00
294.65	3087000.00
294.66	3093000.00
294.67	3098000.00
294.68	3104000.00
294.69	3109000.00
294.70	3115000.00
294.71	3120000.00
294.72	3126000.00
294.73	3131000.00
294.74	3137000.00
294.75	3142000.00
294.76	3148000.00
294.77	3153000.00
294.78	3159000.00
294.79	3164000.00
294.80	3170000.00
294.81	3175000.00
294.82	3181000.00
294.83	3186000.00
294.84	3192000.00
294.85	3197000.00
294.86	3203000.00
294.87	3208000.00
294.88	3214000.00
294.89	3219000.00
294.90	3225000.00
294.91	3230000.00
294.92	3236000.00
294.93	3241000.00
294.94	3247000.00
294.95	3252000.00
294.96	3258000.00
294.97	3263000.00
294.98	3269000.00
294.99	3274000.00
295.00	3280000.00
295.01	3286000.00
295.02	3292000.00
295.03	3298000.00
295.04	3304000.00
295.05	3310000.00
295.06	3316000.00
295.07	3322000.00
295.08	3328000.00
295.09	3334000.00
295.10	3340000.00
295.11	3346000.00
295.12	3352000.00
295.13	3358000.00
295.14	3364000.00
295.15	3370000.00
295.16	3376000.00
295.17	3382000.00
295.18	3388000.00
295.19	3394000.00
295.20	3400000.00
295.21	3406000.00
295.22	3412000.00
295.23	3418000.00
295.24	3424000.00
295.25	3430000.00
295.26	3436000.00
295.27	3442000.00
295.28	3448000.00
295.29	3454000.00
295.30	3460000.00
295.31	3466000.00
295.32	3472000.00
295.33	3478000.00
295.34	3484000.00
295.35	3490000.00
295.36	3496000.00
295.37	3502000.00
295.38	3508000.00
295.39	3514000.00
295.40	3520000.00
295.41	3526000.00
295.42	3532000.00
295.43	3538000.00
295.44	3544000.00
295.45	3550000.00
295.46	3556000.00
295.47	3562000.00
295.48	3568000.00
295.49	3574000.00
295.50	3580000.00
295.51	3586000.00
295.52	3592000.00
295.53	3598000.00
295.54	3604000.00
295.55	3610000.00
295.56	3616000.00
295.57	3622000.00
295.58	3628000.00
295.59	3634000.00
295.60	3640000.00
295.61	3646000.00
295.62	3652000.00
295.63	3658000.00
295.64	3664000.00
295.65	3670000.00
295.66	3676000.00
295.67	3682000.00
295.68	3688000.00
295.69	3694000.00
295.70	3700000.00
295.71	3706000.00
295.72	3712000.00
295.73	3718000.00
295.74	3724000.00
295.75	3730000.00
295.76	3736000.00
295.77	3742000.00
295.78	3748000.00
295.79	3754000.00
295.80	3760000.00
295.81	3766000.00
295.82	3772000.00
295.83	3778000.00
295.84	3784000.00
295.85	3790000.00
295.86	3796000.00
295.87	3802000.00
295.88	3808000.00
295.89	3814000.00
295.90	3820000.00
295.91	3826000.00
295.92	3832000.00
295.93	3838000.00
295.94	3844000.00
295.95	3850000.00
295.96	3856000.00
295.97	3862000.00
295.98	3868000.00
295.99	3874000.00
296.00	3880000.00
296.01	3887000.00
296.02	3894000.00
296.03	3902000.00
296.04	3909000.00
296.05	3917000.00
296.06	3924000.00
296.07	3932000.00
296.08	3939000.00
296.09	3947000.00
296.10	3954000.00
296.11	3961000.00
296.12	3969000.00
296.13	3976000.00
296.14	3984000.00
296.15	3991000.00
296.16	3999000.00
296.17	4006000.00
296.18	4014000.00
296.19	4021000.00
296.20	4028000.00
296.21	4036000.00
296.22	4043000.00
296.23	4051000.00
296.24	4058000.00
296.25	4066000.00
296.26	4073000.00
296.27	4081000.00
296.28	4088000.00
296.29	4095000.00
296.30	4103000.00
296.31	4110000.00
296.32	4118000.00
296.33	4125000.00
296.34	4133000.00
296.35	4140000.00
296.36	4148000.00
296.37	4155000.00
296.38	4162000.00
296.39	4170000.00
296.40	4177000.00
296.41	4185000.00
296.42	4192000.00
296.43	4200000.00
296.44	4207000.00
296.45	4215000.00
296.46	4222000.00
296.47	4229000.00
296.48	4237000.00
296.49	4244000.00
296.50	4252000.00
296.51	4259000.00
296.52	4267000.00
296.53	4274000.00
296.54	4282000.00
296.55	4289000.00
296.56	4296000.00
296.57	4304000.00
296.58	4311000.00
296.59	4319000.00
296.60	4326000.00
296.61	4334000.00
296.62	4341000.00
296.63	4349000.00
296.64	4356000.00
296.65	4363000.00
296.66	4371000.00
296.67	4378000.00
296.68	4386000.00
296.69	4393000.00
296.70	4401000.00
296.71	4408000.00
296.72	4416000.00
296.73	4423000.00
296.74	4430000.00
296.75	4438000.00
296.76	4445000.00
296.77	4453000.00
296.78	4460000.00
296.79	4468000.00
296.80	4475000.00
296.81	4483000.00
296.82	4490000.00
296.83	4497000.00
296.84	4505000.00
296.85	4512000.00
296.86	4520000.00
296.87	4527000.00
296.88	4535000.00
